NumberOfMeshes: 2
MeshName: polySurfaceShape1
NumberOfVertices: 158
-4.32947 0.532702 -3.96183
-4.6167 1.14843 -4.64231
-4.6167 2.16686 -4.64231
-4.6167 3.00289 -3.96183
-4.6167 3.00108 -0.122354
-4.6167 3.00289 4.458
-4.6167 2.16686 5.37924
-4.6167 1.14843 5.37924
-4.32947 0.532702 4.458
-4.32947 0.532979 -0.122354
-3.97825 0.00952446 -3.96183
-3.97825 1.14843 -5.09663
-3.97825 2.16686 -5.09663
-3.97825 2.64385 -3.96183
-3.97825 2.64204 -0.122354
-3.97825 2.64385 4.458
-3.97825 2.16686 5.8609
-3.97825 1.14843 5.8609
-3.97825 0.00952458 4.458
-3.97825 0.00980163 -0.122354
-3.3398 0.00952446 -3.96183
-3.3398 1.14843 -5.09663
-3.3398 2.16686 -5.09663
-3.3398 2.64385 -3.96183
-3.3398 2.64204 -0.122354
-3.3398 2.64385 4.458
-3.3398 2.16686 5.8609
-3.3398 1.14843 5.8609
-3.3398 0.00952458 4.458
-3.3398 0.00980163 -0.122354
-2.70134 0.00952446 -3.96183
-2.70134 1.14843 -5.09663
-2.70134 2.16686 -5.09663
-2.70134 2.64385 -3.96183
-2.70134 2.64204 -0.122354
-2.70134 2.64385 4.458
-2.70134 2.16686 5.8609
-2.70134 1.14843 5.8609
-2.70134 0.00952458 4.458
-2.70134 0.00980163 -0.122354
-2.21677 0.532702 -3.96183
-2.06289 1.14843 -4.62717
-2.06289 2.16686 -4.62717
-2.06289 3.00289 -3.96183
-2.06289 3.00108 -0.122354
-2.06289 3.00289 4.458
-2.06289 2.16686 5.35575
-2.06289 1.14843 5.35575
-2.21677 0.532702 4.458
-2.21677 0.532979 -0.122354
-3.32934 1.65764 -0.122354
-2.71879 1.65764 -0.122354
-2.00634 1.69786 4.48494
2.00658 1.69786 4.48494
-2.00634 3.64237 4.19016
2.00658 3.64237 4.19016
-2.00634 3.14126 -4.1055
2.00658 3.14126 -4.1055
-2.00634 2.1695 -4.16446
2.00658 2.1695 -4.16446
0.00936118 1.27533 8.02951
0.0168008 2.98683 6.54614
1.97489 3.64237 -2.09908
2.5308 0.695628 -2.09908
1.97489 3.64237 2.15529
2.5308 0.695628 2.15529
-1.99241 3.64237 2.1796
-2.45567 0.695628 2.1796
-2.45567 0.695628 -2.07411
-1.99241 3.64237 -2.07411
-0.99005 3.14126 -5.12805
-0.99005 2.1695 -5.187
0.998836 3.14126 -5.11588
0.998836 2.1695 -5.17483
2.3624 0.532702 -3.96183
2.07516 1.14843 -4.64231
2.07516 2.16686 -4.64231
2.07516 3.00289 -3.96183
2.07516 3.00108 -0.122354
2.07516 3.00289 4.458
2.07516 2.16686 5.37924
2.07516 1.14843 5.37924
2.3624 0.532702 4.458
2.3624 0.532979 -0.122354
2.71361 0.00952446 -3.96183
2.71361 1.14843 -5.09663
2.71361 2.16686 -5.09663
2.71361 2.64385 -3.96183
2.71361 2.64204 -0.122354
2.71361 2.64385 4.458
2.71361 2.16686 5.8609
2.71361 1.14843 5.8609
2.71361 0.00952458 4.458
2.71361 0.00980163 -0.122354
3.35207 0.00952446 -3.96183
3.35207 1.14843 -5.09663
3.35207 2.16686 -5.09663
3.35207 2.64385 -3.96183
3.35207 2.64204 -0.122354
3.35207 2.64385 4.458
3.35207 2.16686 5.8609
3.35207 1.14843 5.8609
3.35207 0.00952458 4.458
3.35207 0.00980163 -0.122354
3.99052 0.00952446 -3.96183
3.99052 1.14843 -5.09663
3.99052 2.16686 -5.09663
3.99052 2.64385 -3.96183
3.99052 2.64204 -0.122354
3.99052 2.64385 4.458
3.99052 2.16686 5.8609
3.99052 1.14843 5.8609
3.99052 0.00952458 4.458
3.99052 0.00980163 -0.122354
4.4751 0.532702 -3.96183
4.62897 1.14843 -4.62717
4.62897 2.16686 -4.62717
4.62897 3.00289 -3.96183
4.62897 3.00108 -0.122354
4.62897 3.00289 4.458
4.62897 2.16686 5.35575
4.62897 1.14843 5.35575
4.4751 0.532702 4.458
4.4751 0.532979 -0.122354
2.72144 1.65764 -0.122354
3.33199 1.65764 -0.122354
-0.113396 5.09481 -5.51838
0.0595873 5.09481 -5.51838
-0.113396 8.49829 -7.07039
0.0595873 8.49829 -7.07039
0.0157921 8.49829 -7.44343
0.188775 8.49829 -7.44343
0.106223 8.49829 -7.85455
0.279206 8.49829 -7.85455
-0.0100454 8.49829 -8.29016
0.162937 8.49829 -8.29016
-0.255502 8.49829 -8.77478
-0.0825192 8.49829 -8.77478
-0.500959 8.49829 -9.2104
-0.327976 8.49829 -9.2104
-0.500959 5.09481 -9.2104
-0.327976 5.09481 -9.2104
-0.255502 5.09481 -8.77478
-0.0825192 5.09481 -8.77478
-0.0100454 5.09481 -8.29016
0.162937 5.09481 -8.29016
0.106223 5.09481 -7.85455
0.279206 5.09481 -7.85455
0.0157921 5.09481 -7.44343
0.188775 5.09481 -7.44343
-0.180612 2.89706 -4.42038
0.122108 2.89706 -4.42038
-0.180612 8.73731 -7.02073
0.122108 8.73731 -7.02073
-0.180612 8.73731 -7.23695
0.122108 8.73731 -7.23695
-0.180612 2.89706 -4.63661
0.122108 2.89706 -4.63661

NumberOfPolygons: 296
VertexIndicies: 1 11 0
Normal: -0.376531 -0.760422 -0.529133
Tangent: -0.298705 0.640318 -0.707649
UV1: 0.4 0.3125 
UV2: 0.4 0.406485 
UV3: 0.375 0.3125
MaterialIndex: 2

VertexIndicies: 0 11 10
Normal: -0.564712 -0.639448 -0.521735
Tangent: -0.138892 0.696806 -0.703684
UV1: 0.375 0.3125 
UV2: 0.4 0.406485 
UV3: 0.375 0.406485
MaterialIndex: 2

VertexIndicies: 1 2 11
Normal: -0.579788 2.98756e-007 -0.814768
Tangent: -4.79643e-008 1 4.00808e-007
UV1: 0.4 0.3125 
UV2: 0.425 0.3125 
UV3: 0.4 0.406485
MaterialIndex: 2

VertexIndicies: 11 2 12
Normal: -0.40349 1.03956e-007 -0.914984
Tangent: -1.56738e-008 1 1.20527e-007
UV1: 0.4 0.406485 
UV2: 0.425 0.3125 
UV3: 0.425 0.406485
MaterialIndex: 2

VertexIndicies: 3 13 2
Normal: 0.334544 0.594887 -0.730882
Tangent: 1.33187e-007 0.775571 0.631261
UV1: 0.45 0.3125 
UV2: 0.45 0.406485 
UV3: 0.425 0.3125
MaterialIndex: 2

VertexIndicies: 2 13 12
Normal: 0.0371316 0.801586 -0.596726
Tangent: -0.000111816 0.597141 0.802136
UV1: 0.425 0.3125 
UV2: 0.45 0.406485 
UV3: 0.425 0.406485
MaterialIndex: 2

VertexIndicies: 3 4 13
Normal: 0.490172 0.871625 0.000411584
Tangent: -8.67959e-009 -0.000472198 1
UV1: 0.45 0.3125 
UV2: 0.475 0.3125 
UV3: 0.45 0.406485
MaterialIndex: 2

VertexIndicies: 13 4 14
Normal: 0.336522 0.941675 0.000444603
Tangent: 2.82978e-010 -0.00047214 1
UV1: 0.45 0.406485 
UV2: 0.475 0.3125 
UV3: 0.475 0.406485
MaterialIndex: 2

VertexIndicies: 4 5 14
Normal: 0.490172 0.871626 -0.000344868
Tangent: -4.01656e-008 0.000395683 1
UV1: 0.475 0.3125 
UV2: 0.5 0.3125 
UV3: 0.475 0.406485
MaterialIndex: 2

VertexIndicies: 14 5 15
Normal: 0.336522 0.941675 -0.000372608
Tangent: -1.07473e-008 0.00039569 1
UV1: 0.475 0.406485 
UV2: 0.5 0.3125 
UV3: 0.5 0.406485
MaterialIndex: 2

VertexIndicies: 5 6 15
Normal: 0.384439 0.683612 0.620388
Tangent: -1.32619e-007 -0.672034 0.74052
UV1: 0.5 0.3125 
UV2: 0.525 0.3125 
UV3: 0.5 0.406485
MaterialIndex: 2

VertexIndicies: 15 6 16
Normal: 0.0521527 0.896016 0.440948
Tangent: 0.000460117 -0.441571 0.897226
UV1: 0.5 0.406485 
UV2: 0.525 0.3125 
UV3: 0.525 0.406485
MaterialIndex: 2

VertexIndicies: 6 7 16
Normal: -0.602253 0 0.798306
Tangent: 0 -1 0
UV1: 0.525 0.3125 
UV2: 0.55 0.3125 
UV3: 0.525 0.406485
MaterialIndex: 2

VertexIndicies: 16 7 17
Normal: -0.420806 -1.72471e-007 0.907151
Tangent: -4.65782e-008 -1 -2.1173e-007
UV1: 0.525 0.406485 
UV2: 0.55 0.3125 
UV3: 0.55 0.406485
MaterialIndex: 2

VertexIndicies: 7 8 17
Normal: -0.337905 -0.82777 0.447903
Tangent: 0.250929 -0.537903 -0.804795
UV1: 0.55 0.3125 
UV2: 0.575 0.3125 
UV3: 0.55 0.406485
MaterialIndex: 2

VertexIndicies: 17 8 18
Normal: -0.389859 -0.752384 0.530969
Tangent: 0.0850037 -0.603533 -0.792794
UV1: 0.55 0.406485 
UV2: 0.575 0.3125 
UV3: 0.575 0.406485
MaterialIndex: 2

VertexIndicies: 8 9 18
Normal: -0.830264 -0.55737 -3.36668e-005
Tangent: -1.77891e-009 6.04056e-005 -1
UV1: 0.575 0.3125 
UV2: 0.6 0.3125 
UV3: 0.575 0.406485
MaterialIndex: 2

VertexIndicies: 18 9 19
Normal: -0.617579 -0.786509 -4.75552e-005
Tangent: 2.32204e-009 6.04618e-005 -1
UV1: 0.575 0.406485 
UV2: 0.6 0.3125 
UV3: 0.6 0.406485
MaterialIndex: 2

VertexIndicies: 9 0 19
Normal: -0.830264 -0.55737 4.01818e-005
Tangent: 1.13032e-009 -7.20934e-005 -1
UV1: 0.6 0.3125 
UV2: 0.625 0.3125 
UV3: 0.6 0.406485
MaterialIndex: 2

VertexIndicies: 19 0 10
Normal: -0.617579 -0.786509 5.67569e-005
Tangent: -3.33811e-009 -7.21605e-005 -1
UV1: 0.6 0.406485 
UV2: 0.625 0.3125 
UV3: 0.625 0.406485
MaterialIndex: 2

VertexIndicies: 10 11 20
Normal: -0.394227 -0.648665 -0.651014
Tangent: -5.8461e-008 0.708384 -0.705828
UV1: 0.375 0.406485 
UV2: 0.4 0.406485 
UV3: 0.375 0.50047
MaterialIndex: 2

VertexIndicies: 20 11 21
Normal: 6.19384e-007 -0.705827 -0.708384
Tangent: -9.79735e-014 0.708384 -0.705827
UV1: 0.375 0.50047 
UV2: 0.4 0.406485 
UV3: 0.4 0.50047
MaterialIndex: 2

VertexIndicies: 11 12 21
Normal: -0.40349 1.03956e-007 -0.914984
Tangent: -1.56738e-008 1 1.20527e-007
UV1: 0.4 0.406485 
UV2: 0.425 0.406485 
UV3: 0.4 0.50047
MaterialIndex: 2

VertexIndicies: 21 12 22
Normal: 9.77803e-007 0 -1
Tangent: 0 1 0
UV1: 0.4 0.50047 
UV2: 0.425 0.406485 
UV3: 0.425 0.50047
MaterialIndex: 2

VertexIndicies: 12 13 22
Normal: -0.134121 0.913544 -0.383991
Tangent: 3.89655e-008 0.387492 0.921873
UV1: 0.425 0.406485 
UV2: 0.45 0.406485 
UV3: 0.425 0.50047
MaterialIndex: 2

VertexIndicies: 22 13 23
Normal: -1.28845e-012 0.921872 -0.387493
Tangent: -1.49731e-019 0.387493 0.921872
UV1: 0.425 0.50047 
UV2: 0.45 0.406485 
UV3: 0.45 0.50047
MaterialIndex: 2

VertexIndicies: 13 14 23
Normal: 0.336522 0.941675 0.000444603
Tangent: 2.82978e-010 -0.00047214 1
UV1: 0.45 0.406485 
UV2: 0.475 0.406485 
UV3: 0.45 0.50047
MaterialIndex: 2

VertexIndicies: 23 14 24
Normal: 0 1 0.000472137
Tangent: 0 -0.000472137 1
UV1: 0.45 0.50047 
UV2: 0.475 0.406485 
UV3: 0.475 0.50047
MaterialIndex: 2

VertexIndicies: 14 15 24
Normal: 0.336522 0.941675 -0.000372608
Tangent: -1.07473e-008 0.00039569 1
UV1: 0.475 0.406485 
UV2: 0.5 0.406485 
UV3: 0.475 0.50047
MaterialIndex: 2

VertexIndicies: 24 15 25
Normal: 0 1 -0.000395687
Tangent: 0 0.000395687 1
UV1: 0.475 0.50047 
UV2: 0.5 0.406485 
UV3: 0.5 0.50047
MaterialIndex: 2

VertexIndicies: 15 16 25
Normal: 0.0521527 0.896016 0.440948
Tangent: 0.000460117 -0.441571 0.897226
UV1: 0.5 0.406485 
UV2: 0.525 0.406485 
UV3: 0.5 0.50047
MaterialIndex: 2

VertexIndicies: 25 16 26
Normal: 0 0.946771 0.321908
Tangent: 0 -0.321908 0.946771
UV1: 0.5 0.50047 
UV2: 0.525 0.406485 
UV3: 0.525 0.50047
MaterialIndex: 2

VertexIndicies: 16 17 26
Normal: -0.420806 -1.72471e-007 0.907151
Tangent: -4.65782e-008 -1 -2.1173e-007
UV1: 0.525 0.406485 
UV2: 0.55 0.406485 
UV3: 0.525 0.50047
MaterialIndex: 2

VertexIndicies: 26 17 27
Normal: 0 -4.68211e-007 1
Tangent: 0 -1 -4.68211e-007
UV1: 0.525 0.50047 
UV2: 0.55 0.406485 
UV3: 0.55 0.50047
MaterialIndex: 2

VertexIndicies: 17 18 27
Normal: -0.389859 -0.752384 0.530969
Tangent: 0.0850037 -0.603533 -0.792794
UV1: 0.55 0.406485 
UV2: 0.575 0.406485 
UV3: 0.55 0.50047
MaterialIndex: 2

VertexIndicies: 27 18 28
Normal: 0 -0.776369 0.630278
Tangent: 0 -0.630278 -0.776369
UV1: 0.55 0.50047 
UV2: 0.575 0.406485 
UV3: 0.575 0.50047
MaterialIndex: 2

VertexIndicies: 18 19 28
Normal: -0.617579 -0.786509 -4.75552e-005
Tangent: 2.32204e-009 6.04618e-005 -1
UV1: 0.575 0.406485 
UV2: 0.6 0.406485 
UV3: 0.575 0.50047
MaterialIndex: 2

VertexIndicies: 28 19 29
Normal: 0 -1 -6.04849e-005
Tangent: 0 6.04849e-005 -1
UV1: 0.575 0.50047 
UV2: 0.6 0.406485 
UV3: 0.6 0.50047
MaterialIndex: 2

VertexIndicies: 19 10 29
Normal: -0.617579 -0.786509 5.67569e-005
Tangent: -3.33811e-009 -7.21605e-005 -1
UV1: 0.6 0.406485 
UV2: 0.625 0.406485 
UV3: 0.6 0.50047
MaterialIndex: 2

VertexIndicies: 29 10 20
Normal: 0 -1 7.21873e-005
Tangent: 0 -7.21873e-005 -1
UV1: 0.6 0.50047 
UV2: 0.625 0.406485 
UV3: 0.625 0.50047
MaterialIndex: 2

VertexIndicies: 20 21 30
Normal: 6.19384e-007 -0.705827 -0.708384
Tangent: -9.79735e-014 0.708384 -0.705827
UV1: 0.375 0.50047 
UV2: 0.4 0.50047 
UV3: 0.375 0.594455
MaterialIndex: 2

VertexIndicies: 30 21 31
Normal: 0.211904 -0.689798 -0.692297
Tangent: -1.46644e-008 0.708384 -0.705827
UV1: 0.375 0.594455 
UV2: 0.4 0.50047 
UV3: 0.4 0.594455
MaterialIndex: 2

VertexIndicies: 21 22 31
Normal: 9.77803e-007 0 -1
Tangent: 0 1 0
UV1: 0.4 0.50047 
UV2: 0.425 0.50047 
UV3: 0.4 0.594455
MaterialIndex: 2

VertexIndicies: 31 22 32
Normal: 0.20659 0 -0.978428
Tangent: 0 1 0
UV1: 0.4 0.594455 
UV2: 0.425 0.50047 
UV3: 0.425 0.594455
MaterialIndex: 2

VertexIndicies: 22 23 32
Normal: -1.28845e-012 0.921872 -0.387493
Tangent: -1.49731e-019 0.387493 0.921872
UV1: 0.425 0.50047 
UV2: 0.45 0.50047 
UV3: 0.425 0.594455
MaterialIndex: 2

VertexIndicies: 32 23 33
Normal: 0.0921281 0.917952 -0.385845
Tangent: 3.56872e-009 0.387493 0.921873
UV1: 0.425 0.594455 
UV2: 0.45 0.50047 
UV3: 0.45 0.594455
MaterialIndex: 2

VertexIndicies: 23 24 33
Normal: 0 1 0.000472137
Tangent: 0 -0.000472137 1
UV1: 0.45 0.50047 
UV2: 0.475 0.50047 
UV3: 0.45 0.594455
MaterialIndex: 2

VertexIndicies: 33 24 34
Normal: -0.168261 0.985742 0.000465374
Tangent: -2.59306e-009 -0.000472105 1
UV1: 0.45 0.594455 
UV2: 0.475 0.50047 
UV3: 0.475 0.594455
MaterialIndex: 2

VertexIndicies: 24 25 34
Normal: 0 1 -0.000395687
Tangent: 0 0.000395687 1
UV1: 0.475 0.50047 
UV2: 0.5 0.50047 
UV3: 0.475 0.594455
MaterialIndex: 2

VertexIndicies: 34 25 35
Normal: -0.168261 0.985743 -0.000390022
Tangent: 6.44562e-009 0.000395665 1
UV1: 0.475 0.594455 
UV2: 0.5 0.50047 
UV3: 0.5 0.594455
MaterialIndex: 2

VertexIndicies: 25 26 35
Normal: 0 0.946771 0.321908
Tangent: 0 -0.321908 0.946771
UV1: 0.5 0.50047 
UV2: 0.525 0.50047 
UV3: 0.5 0.594455
MaterialIndex: 2

VertexIndicies: 35 26 36
Normal: -0.0348896 0.909749 0.41369
Tangent: -0.000319605 -0.413952 0.910299
UV1: 0.5 0.594455 
UV2: 0.525 0.50047 
UV3: 0.525 0.594455
MaterialIndex: 2

VertexIndicies: 26 27 36
Normal: 0 -4.68211e-007 1
Tangent: 0 -1 -4.68211e-007
UV1: 0.525 0.50047 
UV2: 0.55 0.50047 
UV3: 0.525 0.594455
MaterialIndex: 2

VertexIndicies: 36 27 37
Normal: 0.217521 -4.29086e-007 0.976056
Tangent: 6.07193e-009 -1 -4.40966e-007
UV1: 0.525 0.594455 
UV2: 0.55 0.50047 
UV3: 0.55 0.594455
MaterialIndex: 2

VertexIndicies: 27 28 37
Normal: 0 -0.776369 0.630278
Tangent: 0 -0.630278 -0.776369
UV1: 0.55 0.50047 
UV2: 0.575 0.50047 
UV3: 0.55 0.594455
MaterialIndex: 2

VertexIndicies: 37 28 38
Normal: 0.152358 -0.767306 0.62292
Tangent: -8.04096e-009 -0.630278 -0.77637
UV1: 0.55 0.594455 
UV2: 0.575 0.50047 
UV3: 0.575 0.594455
MaterialIndex: 2

VertexIndicies: 28 29 38
Normal: 0 -1 -6.04849e-005
Tangent: 0 6.04849e-005 -1
UV1: 0.575 0.50047 
UV2: 0.6 0.50047 
UV3: 0.575 0.594455
MaterialIndex: 2

VertexIndicies: 38 29 39
Normal: 0.26408 -0.964501 -5.83357e-005
Tangent: 5.44113e-010 6.04829e-005 -1
UV1: 0.575 0.594455 
UV2: 0.6 0.50047 
UV3: 0.6 0.594455
MaterialIndex: 2

VertexIndicies: 29 20 39
Normal: 0 -1 7.21873e-005
Tangent: 0 -7.21873e-005 -1
UV1: 0.6 0.50047 
UV2: 0.625 0.50047 
UV3: 0.6 0.594455
MaterialIndex: 2

VertexIndicies: 39 20 30
Normal: 0.26408 -0.964501 6.96224e-005
Tangent: -6.03733e-010 -7.21851e-005 -1
UV1: 0.6 0.594455 
UV2: 0.625 0.50047 
UV3: 0.625 0.594455
MaterialIndex: 2

VertexIndicies: 30 31 40
Normal: 0.211904 -0.689798 -0.692297
Tangent: -1.46644e-008 0.708384 -0.705827
UV1: 0.375 0.594455 
UV2: 0.4 0.594455 
UV3: 0.375 0.68844
MaterialIndex: 2

VertexIndicies: 40 31 41
Normal: 0.514419 -0.642303 -0.568173
Tangent: 0.0806205 0.695851 -0.713646
UV1: 0.375 0.68844 
UV2: 0.4 0.594455 
UV3: 0.4 0.68844
MaterialIndex: 2

VertexIndicies: 31 32 41
Normal: 0.20659 0 -0.978428
Tangent: 0 1 0
UV1: 0.4 0.594455 
UV2: 0.425 0.594455 
UV3: 0.4 0.68844
MaterialIndex: 2

VertexIndicies: 41 32 42
Normal: 0.592403 2.58252e-007 -0.805642
Tangent: -4.12591e-008 1 2.90216e-007
UV1: 0.4 0.68844 
UV2: 0.425 0.594455 
UV3: 0.425 0.68844
MaterialIndex: 2

VertexIndicies: 32 33 42
Normal: 0.0921281 0.917952 -0.385845
Tangent: 3.56872e-009 0.387493 0.921873
UV1: 0.425 0.594455 
UV2: 0.45 0.594455 
UV3: 0.425 0.68844
MaterialIndex: 2

VertexIndicies: 42 33 43
Normal: -0.0305796 0.798211 -0.601601
Tangent: 7.82945e-005 0.601884 0.798583
UV1: 0.425 0.68844 
UV2: 0.45 0.594455 
UV3: 0.45 0.68844
MaterialIndex: 2

VertexIndicies: 33 34 43
Normal: -0.168261 0.985742 0.000465374
Tangent: -2.59306e-009 -0.000472105 1
UV1: 0.45 0.594455 
UV2: 0.475 0.594455 
UV3: 0.45 0.68844
MaterialIndex: 2

VertexIndicies: 43 34 44
Normal: -0.490172 0.871626 0.000411499
Tangent: -1.99036e-008 -0.000472116 1
UV1: 0.45 0.68844 
UV2: 0.475 0.594455 
UV3: 0.475 0.68844
MaterialIndex: 2

VertexIndicies: 34 35 44
Normal: -0.168261 0.985743 -0.000390022
Tangent: 6.44562e-009 0.000395665 1
UV1: 0.475 0.594455 
UV2: 0.5 0.594455 
UV3: 0.475 0.68844
MaterialIndex: 2

VertexIndicies: 44 35 45
Normal: -0.490171 0.871626 -0.000344903
Tangent: 1.19002e-008 0.000395707 1
UV1: 0.475 0.68844 
UV2: 0.5 0.594455 
UV3: 0.5 0.68844
MaterialIndex: 2

VertexIndicies: 36 46 35
Normal: 0.124374 0.93942 0.319408
Tangent: 8.00479e-009 -0.321908 0.946771
UV1: 0.525 0.594455 
UV2: 0.525 0.68844 
UV3: 0.5 0.594455
MaterialIndex: 2

VertexIndicies: 35 46 45
Normal: -0.0348896 0.909749 0.41369
Tangent: -0.000319605 -0.413952 0.910299
UV1: 0.5 0.594455 
UV2: 0.525 0.68844 
UV3: 0.5 0.68844
MaterialIndex: 2

VertexIndicies: 36 37 46
Normal: 0.217521 -4.29086e-007 0.976056
Tangent: 6.07193e-009 -1 -4.40966e-007
UV1: 0.525 0.594455 
UV2: 0.55 0.594455 
UV3: 0.525 0.68844
MaterialIndex: 2

VertexIndicies: 46 37 47
Normal: 0.620483 -3.95163e-007 0.78422
Tangent: -1.73625e-008 -1 -4.90156e-007
UV1: 0.525 0.68844 
UV2: 0.55 0.594455 
UV3: 0.55 0.68844
MaterialIndex: 2

VertexIndicies: 37 38 47
Normal: 0.152358 -0.767306 0.62292
Tangent: -8.04096e-009 -0.630278 -0.77637
UV1: 0.55 0.594455 
UV2: 0.575 0.594455 
UV3: 0.55 0.68844
MaterialIndex: 2

VertexIndicies: 47 38 48
Normal: 0.579365 -0.679544 0.450062
Tangent: -0.0733601 -0.593412 -0.801549
UV1: 0.55 0.68844 
UV2: 0.575 0.594455 
UV3: 0.575 0.68844
MaterialIndex: 2

VertexIndicies: 38 39 48
Normal: 0.26408 -0.964501 -5.83357e-005
Tangent: 5.44113e-010 6.04829e-005 -1
UV1: 0.575 0.594455 
UV2: 0.6 0.594455 
UV3: 0.575 0.68844
MaterialIndex: 2

VertexIndicies: 48 39 49
Normal: 0.733653 -0.679524 -4.10724e-005
Tangent: 1.50665e-009 6.04445e-005 -1
UV1: 0.575 0.68844 
UV2: 0.6 0.594455 
UV3: 0.6 0.68844
MaterialIndex: 2

VertexIndicies: 39 30 49
Normal: 0.26408 -0.964501 6.96224e-005
Tangent: -6.03733e-010 -7.21851e-005 -1
UV1: 0.6 0.594455 
UV2: 0.625 0.594455 
UV3: 0.6 0.68844
MaterialIndex: 2

VertexIndicies: 49 30 40
Normal: 0.733653 -0.679524 4.90196e-005
Tangent: -1.29465e-009 -7.21395e-005 -1
UV1: 0.6 0.68844 
UV2: 0.625 0.594455 
UV3: 0.625 0.68844
MaterialIndex: 2

VertexIndicies: 1 0 50
Normal: -0.957837 -0.0642196 0.280044
Tangent: -0.07288 -0.888513 -0.453027
UV1: 0.548284 0.0076474 
UV2: 0.626409 0.0644085 
UV3: 0.5 0.15
MaterialIndex: 2

VertexIndicies: 2 1 50
Normal: -0.959762 -0.101159 0.261961
Tangent: 0.198196 -0.904879 0.376713
UV1: 0.451716 0.00764741 
UV2: 0.548284 0.0076474 
UV3: 0.5 0.15
MaterialIndex: 2

VertexIndicies: 3 2 50
Normal: -0.874384 -0.467686 0.129313
Tangent: 0.472043 -0.758139 0.449889
UV1: 0.373591 0.0644086 
UV2: 0.451716 0.00764741 
UV3: 0.5 0.15
MaterialIndex: 2

VertexIndicies: 4 3 50
Normal: -0.722014 -0.691878 -2.64464e-005
Tangent: 0.683819 -0.713611 0.152153
UV1: 0.34375 0.15625 
UV2: 0.373591 0.0644086 
UV3: 0.5 0.15
MaterialIndex: 2

VertexIndicies: 5 4 50
Normal: -0.872782 -0.476611 -0.105325
Tangent: 0.484542 -0.819948 -0.304801
UV1: 0.373591 0.248091 
UV2: 0.34375 0.15625 
UV3: 0.5 0.15
MaterialIndex: 2

VertexIndicies: 6 5 50
Normal: -0.969797 -0.11227 -0.216539
Tangent: 0.189246 -0.90642 -0.377608
UV1: 0.451716 0.304853 
UV2: 0.373591 0.248091 
UV3: 0.5 0.15
MaterialIndex: 2

VertexIndicies: 7 6 50
Normal: -0.971479 -0.0494851 -0.231904
Tangent: -0.0625341 -0.889897 0.451855
UV1: 0.548284 0.304853 
UV2: 0.451716 0.304853 
UV3: 0.5 0.15
MaterialIndex: 2

VertexIndicies: 8 7 50
Normal: -0.941656 0.310752 -0.129291
Tangent: -0.336574 -0.868106 0.364843
UV1: 0.626409 0.248091 
UV2: 0.548284 0.304853 
UV3: 0.5 0.15
MaterialIndex: 2

VertexIndicies: 9 8 50
Normal: -0.747269 0.664521 -3.89139e-006
Tangent: -0.652805 -0.734095 -0.18695
UV1: 0.65625 0.15625 
UV2: 0.626409 0.248091 
UV3: 0.5 0.15
MaterialIndex: 2

VertexIndicies: 0 9 50
Normal: -0.94153 0.297545 0.158076
Tangent: -0.334502 -0.769285 -0.544342
UV1: 0.626409 0.0644085 
UV2: 0.65625 0.15625 
UV3: 0.5 0.15
MaterialIndex: 2

VertexIndicies: 40 41 51
Normal: 0.982461 0.16892 0.0789671
Tangent: 0.185758 -0.923514 -0.335582
UV1: 0.626409 0.935591 
UV2: 0.548284 0.992353 
UV3: 0.5 0.8375
MaterialIndex: 2

VertexIndicies: 41 42 51
Normal: 0.988082 -0.0406641 0.148461
Tangent: 0.0274741 -0.902399 -0.430025
UV1: 0.548284 0.992353 
UV2: 0.451716 0.992353 
UV3: 0.5 0.8375
MaterialIndex: 2

VertexIndicies: 42 43 51
Normal: 0.989031 -0.0524686 0.138072
Tangent: -0.10047 -0.924189 0.368484
UV1: 0.451716 0.992353 
UV2: 0.373591 0.935591 
UV3: 0.5 0.8375
MaterialIndex: 2

VertexIndicies: 43 44 51
Normal: 0.958678 -0.276519 0.0668864
Tangent: -0.283876 -0.914301 0.288908
UV1: 0.373591 0.935591 
UV2: 0.34375 0.84375 
UV3: 0.5 0.8375
MaterialIndex: 2

VertexIndicies: 44 45 51
Normal: 0.89862 -0.438729 -1.677e-005
Tangent: -0.430895 -0.882567 -0.18816
UV1: 0.34375 0.84375 
UV2: 0.373591 0.751909 
UV3: 0.5 0.8375
MaterialIndex: 2

VertexIndicies: 45 46 51
Normal: 0.958017 -0.28148 -0.0545157
Tangent: -0.26807 -0.811947 -0.518537
UV1: 0.373591 0.751909 
UV2: 0.451716 0.695147 
UV3: 0.5 0.8375
MaterialIndex: 2

VertexIndicies: 46 47 51
Normal: 0.991868 -0.0578157 -0.113383
Tangent: -0.101015 -0.899548 -0.424981
UV1: 0.451716 0.695147 
UV2: 0.548284 0.695147 
UV3: 0.5 0.8375
MaterialIndex: 2

VertexIndicies: 47 48 51
Normal: 0.992007 -0.0328604 -0.121829
Tangent: 0.0300997 -0.875999 0.481372
UV1: 0.548284 0.695147 
UV2: 0.626409 0.751909 
UV3: 0.5 0.8375
MaterialIndex: 2

VertexIndicies: 48 49 51
Normal: 0.982204 0.176463 -0.0643134
Tangent: 0.179958 -0.786189 0.591204
UV1: 0.626409 0.751909 
UV2: 0.65625 0.84375 
UV3: 0.5 0.8375
MaterialIndex: 2

VertexIndicies: 49 40 51
Normal: 0.913156 0.40761 -2.38578e-006
Tangent: 0.39702 -0.889428 0.226481
UV1: 0.65625 0.84375 
UV2: 0.626409 0.935591 
UV3: 0.5 0.8375
MaterialIndex: 2

VertexIndicies: 60 61 52
Normal: 0.00439343 0.654929 0.755677
Tangent: 0.99999 -0.00311511 -0.00311408
UV1: 0.530436 0 
UV2: 0.518852 0.25 
UV3: 0.375 0
MaterialIndex: 1

VertexIndicies: 52 61 54
Normal: -0.765944 0.266949 0.584865
Tangent: 0.564959 -0.154705 0.810486
UV1: 0.375 0 
UV2: 0.518852 0.25 
UV3: 0.375 0.25
MaterialIndex: 1

VertexIndicies: 61 55 54
Normal: 0 0.963401 0.268062
Tangent: 0 0 0
UV1: 0.518852 0.25 
UV2: 0.625 0.25 
UV3: 0.375 0.25
MaterialIndex: 1

VertexIndicies: 54 55 66
Normal: 0 0.990808 0.135275
Tangent: 1 0 0
UV1: 0.375 0.25 
UV2: 0.625 0.25 
UV3: 0.375 0.328888
MaterialIndex: 1

VertexIndicies: 55 64 66
Normal: 0 0.995934 0.0900898
Tangent: 0.999704 0.00218977 -0.0242077
UV1: 0.625 0.25 
UV2: 0.625 0.322826 
UV3: 0.375 0.328888
MaterialIndex: 1

VertexIndicies: 66 64 69
Normal: 0 1 -6.12015e-008
Tangent: 0.99833 -3.53568e-009 -0.0577711
UV1: 0.375 0.328888 
UV2: 0.625 0.322826 
UV3: 0.375 0.383447
MaterialIndex: 1

VertexIndicies: 64 62 69
Normal: 0 1 -7.87469e-008
Tangent: 0.998206 -4.71411e-009 -0.0598641
UV1: 0.625 0.322826 
UV2: 0.625 0.383447 
UV3: 0.375 0.383447
MaterialIndex: 1

VertexIndicies: 62 57 69
Normal: -0.000768152 0.99252 -0.122081
Tangent: 0.99998 3.65933e-008 -0.00629174
UV1: 0.625 0.383447 
UV2: 0.625 0.5 
UV3: 0.375 0.383447
MaterialIndex: 1

VertexIndicies: 69 57 56
Normal: -0.000384042 0.992609 -0.121358
Tangent: 0.999421 -0.0037469 -0.0338094
UV1: 0.375 0.383447 
UV2: 0.625 0.5 
UV3: 0.375 0.5
MaterialIndex: 1

VertexIndicies: 57 72 56
Normal: -0.000511631 0.986844 -0.161676
Tangent: 0 0 0
UV1: 0.625 0.5 
UV2: 0.529609 0.5 
UV3: 0.375 0.5
MaterialIndex: 1

VertexIndicies: 72 70 56
Normal: -7.09256e-010 1 2.3521e-007
Tangent: 0 0 0
UV1: 0.529609 0.5 
UV2: 0.498984 0.5 
UV3: 0.375 0.5
MaterialIndex: 1

VertexIndicies: 56 70 58
Normal: -0.708626 0.0427284 -0.70429
Tangent: 0.704933 1.86401e-007 -0.709273
UV1: 0.375 0.5 
UV2: 0.498984 0.5 
UV3: 0.375 0.75
MaterialIndex: 1

VertexIndicies: 58 70 71
Normal: -0.708625 0.0427283 -0.70429
Tangent: 0.704934 8.09353e-008 -0.709273
UV1: 0.375 0.75 
UV2: 0.498984 0.5 
UV3: 0.498984 0.75
MaterialIndex: 1

VertexIndicies: 60 52 53
Normal: 0 -0.99297 -0.118368
Tangent: 0 0 0
UV1: 0.530436 1 
UV2: 0.375 1 
UV3: 0.625 1
MaterialIndex: 1

VertexIndicies: 52 67 53
Normal: 0 -0.989401 0.14521
Tangent: 1 0 0
UV1: 0.375 1 
UV2: 0.375 0.921112 
UV3: 0.625 1
MaterialIndex: 1

VertexIndicies: 53 67 65
Normal: 0.000663126 -0.972617 0.232412
Tangent: 0.999735 -0.00470242 -0.0225316
UV1: 0.625 1 
UV2: 0.375 0.921112 
UV3: 0.625 0.927174
MaterialIndex: 1

VertexIndicies: 67 68 65
Normal: 0.000654898 -0.962937 0.269726
Tangent: 0.998882 -0.0121221 -0.045702
UV1: 0.375 0.921112 
UV2: 0.375 0.866553 
UV3: 0.625 0.927174
MaterialIndex: 1

VertexIndicies: 65 68 63
Normal: 0.000654795 -0.990939 0.134308
Tangent: 0.998774 -0.00600106 -0.0491457
UV1: 0.625 0.927174 
UV2: 0.375 0.866553 
UV3: 0.625 0.866553
MaterialIndex: 1

VertexIndicies: 63 68 59
Normal: -0.00152524 -0.952454 -0.304677
Tangent: 0.999987 1.87227e-008 -0.00500607
UV1: 0.625 0.866553 
UV2: 0.375 0.866553 
UV3: 0.625 0.75
MaterialIndex: 1

VertexIndicies: 68 58 59
Normal: -0.000762311 -0.952841 -0.30347
Tangent: 0.999661 0.00717571 -0.0250416
UV1: 0.375 0.866553 
UV2: 0.375 0.75 
UV3: 0.625 0.75
MaterialIndex: 1

VertexIndicies: 58 71 59
Normal: 0 -0.953224 -0.302263
Tangent: 0 0 0
UV1: 0.375 0.75 
UV2: 0.498984 0.75 
UV3: 0.625 0.75
MaterialIndex: 1

VertexIndicies: 71 73 59
Normal: 0 -1 0
Tangent: 0 0 0
UV1: 0.498984 0.75 
UV2: 0.529609 0.75 
UV3: 0.625 0.75
MaterialIndex: 1

VertexIndicies: 65 64 53
Normal: 0.981592 0.185179 0.0467607
Tangent: 0.0719401 -0.131681 -0.988678
UV1: 0.697826 0 
UV2: 0.697826 0.25 
UV3: 0.625 0
MaterialIndex: 1

VertexIndicies: 53 64 55
Normal: 0.993851 0.0912793 0.0626692
Tangent: 0.079987 -0.200526 -0.976417
UV1: 0.625 0 
UV2: 0.697826 0.25 
UV3: 0.625 0.25
MaterialIndex: 1

VertexIndicies: 68 69 58
Normal: -0.987291 0.155212 -0.0341417
Tangent: -0.0648579 -0.197389 0.978177
UV1: 0.241553 0 
UV2: 0.241553 0.25 
UV3: 0.125 0
MaterialIndex: 1

VertexIndicies: 58 69 56
Normal: -0.995851 0.0773838 -0.0478901
Tangent: -0.0614819 -0.184116 0.98098
UV1: 0.125 0 
UV2: 0.241553 0.25 
UV3: 0.125 0.25
MaterialIndex: 1

VertexIndicies: 60 53 61
Normal: 0.00439343 0.654929 0.755677
Tangent: 0.99999 -0.00311511 -0.00311408
UV1: 0.530436 0 
UV2: 0.625 0 
UV3: 0.518852 0.25
MaterialIndex: 1

VertexIndicies: 61 53 55
Normal: 0.00443567 0.41339 0.910543
Tangent: 0.99999 -0.00134992 -0.00425854
UV1: 0.518852 0.25 
UV2: 0.625 0 
UV3: 0.625 0.25
MaterialIndex: 1

VertexIndicies: 63 59 62
Normal: 0.980997 0.185067 -0.0582624
Tangent: -0.112658 0.298841 -0.94763
UV1: 0.758447 0 
UV2: 0.875 0 
UV3: 0.758447 0.25
MaterialIndex: 1

VertexIndicies: 62 59 57
Normal: 0.989953 0.139132 -0.0251912
Tangent: -0.0377786 0.0885839 -0.995352
UV1: 0.758447 0.25 
UV2: 0.875 0 
UV3: 0.875 0.25
MaterialIndex: 1

VertexIndicies: 64 65 62
Normal: 0.991531 0.122981 0.0417351
Tangent: 0.0581711 -0.133248 -0.989374
UV1: 0.697826 0.25 
UV2: 0.697826 0 
UV3: 0.758447 0.25
MaterialIndex: 1

VertexIndicies: 62 65 63
Normal: 0.989953 0.139132 -0.0251912
Tangent: -0.0377786 0.0885839 -0.995352
UV1: 0.758447 0.25 
UV2: 0.697826 0 
UV3: 0.758447 0
MaterialIndex: 1

VertexIndicies: 67 52 66
Normal: -0.985957 0.155002 0.0621504
Tangent: 0.0930273 0.20071 0.975224
UV1: 0.296112 0 
UV2: 0.375 0 
UV3: 0.296112 0.25
MaterialIndex: 1

VertexIndicies: 66 52 54
Normal: -0.992772 0.116358 0.0293955
Tangent: 0.0412207 0.100564 0.994076
UV1: 0.296112 0.25 
UV2: 0.375 0 
UV3: 0.375 0.25
MaterialIndex: 1

VertexIndicies: 69 68 66
Normal: -0.994114 0.103533 -0.0319082
Tangent: -0.0442684 -0.119376 0.991862
UV1: 0.241553 0.25 
UV2: 0.241553 0 
UV3: 0.296112 0.25
MaterialIndex: 1

VertexIndicies: 66 68 67
Normal: -0.992772 0.116358 0.0293955
Tangent: 0.0412207 0.100564 0.994076
UV1: 0.296112 0.25 
UV2: 0.241553 0 
UV3: 0.296112 0
MaterialIndex: 1

VertexIndicies: 71 70 73
Normal: -0.380853 0.0559932 -0.922939
Tangent: 0.924389 1.27161e-005 -0.381451
UV1: 0.498984 0.75 
UV2: 0.498984 0.5 
UV3: 0.529609 0.75
MaterialIndex: 1

VertexIndicies: 73 70 72
Normal: 0.256924 0.0585243 -0.964658
Tangent: 0.966295 0.00119292 0.257433
UV1: 0.529609 0.75 
UV2: 0.498984 0.5 
UV3: 0.529609 0.5
MaterialIndex: 1

VertexIndicies: 73 72 59
Normal: 0.256924 0.0585243 -0.964658
Tangent: 0.966295 0.00119292 0.257433
UV1: 0.529609 0.75 
UV2: 0.529609 0.5 
UV3: 0.625 0.75
MaterialIndex: 1

VertexIndicies: 59 72 57
Normal: 0.707379 0.042804 -0.705537
Tangent: 0.706184 -8.62655e-008 0.708028
UV1: 0.625 0.75 
UV2: 0.529609 0.5 
UV3: 0.625 0.5
MaterialIndex: 1

VertexIndicies: 75 85 74
Normal: -0.376531 -0.760423 -0.529133
Tangent: -0.298705 0.640318 -0.707649
UV1: 0.4 0.3125 
UV2: 0.4 0.406485 
UV3: 0.375 0.3125
MaterialIndex: 2

VertexIndicies: 74 85 84
Normal: -0.564711 -0.639448 -0.521735
Tangent: -0.138892 0.696805 -0.703684
UV1: 0.375 0.3125 
UV2: 0.4 0.406485 
UV3: 0.375 0.406485
MaterialIndex: 2

VertexIndicies: 75 76 85
Normal: -0.579787 5.97512e-007 -0.814768
Tangent: 1.25251e-007 1 6.44224e-007
UV1: 0.4 0.3125 
UV2: 0.425 0.3125 
UV3: 0.4 0.406485
MaterialIndex: 2

VertexIndicies: 85 76 86
Normal: -0.40349 2.07913e-007 -0.914984
Tangent: 2.62716e-008 1 2.15646e-007
UV1: 0.4 0.406485 
UV2: 0.425 0.3125 
UV3: 0.425 0.406485
MaterialIndex: 2

VertexIndicies: 77 87 76
Normal: 0.334544 0.594888 -0.730882
Tangent: 1.47986e-008 0.77557 0.631261
UV1: 0.45 0.3125 
UV2: 0.45 0.406485 
UV3: 0.425 0.3125
MaterialIndex: 2

VertexIndicies: 76 87 86
Normal: 0.0371316 0.801586 -0.596726
Tangent: -0.000111817 0.597141 0.802136
UV1: 0.425 0.3125 
UV2: 0.45 0.406485 
UV3: 0.425 0.406485
MaterialIndex: 2

VertexIndicies: 77 78 87
Normal: 0.490172 0.871626 0.000411584
Tangent: -8.51313e-009 -0.000472198 1
UV1: 0.45 0.3125 
UV2: 0.475 0.3125 
UV3: 0.45 0.406485
MaterialIndex: 2

VertexIndicies: 87 78 88
Normal: 0.336522 0.941675 0.000444603
Tangent: 2.82978e-010 -0.00047214 1
UV1: 0.45 0.406485 
UV2: 0.475 0.3125 
UV3: 0.475 0.406485
MaterialIndex: 2

VertexIndicies: 78 79 88
Normal: 0.490171 0.871626 -0.000344867
Tangent: -4.04047e-008 0.000395683 1
UV1: 0.475 0.3125 
UV2: 0.5 0.3125 
UV3: 0.475 0.406485
MaterialIndex: 2

VertexIndicies: 88 79 89
Normal: 0.336522 0.941676 -0.000372607
Tangent: -1.0802e-008 0.000395689 1
UV1: 0.475 0.406485 
UV2: 0.5 0.3125 
UV3: 0.5 0.406485
MaterialIndex: 2

VertexIndicies: 79 80 89
Normal: 0.384439 0.683611 0.620388
Tangent: -2.06296e-007 -0.672034 0.74052
UV1: 0.5 0.3125 
UV2: 0.525 0.3125 
UV3: 0.5 0.406485
MaterialIndex: 2

VertexIndicies: 89 80 90
Normal: 0.0521528 0.896016 0.440948
Tangent: 0.000460118 -0.441571 0.897226
UV1: 0.5 0.406485 
UV2: 0.525 0.3125 
UV3: 0.525 0.406485
MaterialIndex: 2

VertexIndicies: 80 81 90
Normal: -0.602252 0 0.798306
Tangent: 0 -1 0
UV1: 0.525 0.3125 
UV2: 0.55 0.3125 
UV3: 0.525 0.406485
MaterialIndex: 2

VertexIndicies: 90 81 91
Normal: -0.420806 -2.50955e-007 0.907151
Tangent: -1.35516e-008 -1 -2.82927e-007
UV1: 0.525 0.406485 
UV2: 0.55 0.3125 
UV3: 0.55 0.406485
MaterialIndex: 2

VertexIndicies: 81 82 91
Normal: -0.337905 -0.82777 0.447903
Tangent: 0.250929 -0.537903 -0.804795
UV1: 0.55 0.3125 
UV2: 0.575 0.3125 
UV3: 0.55 0.406485
MaterialIndex: 2

VertexIndicies: 91 82 92
Normal: -0.389859 -0.752384 0.530969
Tangent: 0.0850038 -0.603533 -0.792794
UV1: 0.55 0.406485 
UV2: 0.575 0.3125 
UV3: 0.575 0.406485
MaterialIndex: 2

VertexIndicies: 82 83 92
Normal: -0.830264 -0.55737 -3.36668e-005
Tangent: -1.81267e-009 6.04056e-005 -1
UV1: 0.575 0.3125 
UV2: 0.6 0.3125 
UV3: 0.575 0.406485
MaterialIndex: 2

VertexIndicies: 92 83 93
Normal: -0.617579 -0.786509 -4.75552e-005
Tangent: 2.32518e-009 6.04618e-005 -1
UV1: 0.575 0.406485 
UV2: 0.6 0.3125 
UV3: 0.6 0.406485
MaterialIndex: 2

VertexIndicies: 83 74 93
Normal: -0.830264 -0.557371 4.01817e-005
Tangent: 1.17563e-009 -7.20933e-005 -1
UV1: 0.6 0.3125 
UV2: 0.625 0.3125 
UV3: 0.6 0.406485
MaterialIndex: 2

VertexIndicies: 93 74 84
Normal: -0.617579 -0.786509 5.67569e-005
Tangent: -3.32937e-009 -7.21605e-005 -1
UV1: 0.6 0.406485 
UV2: 0.625 0.3125 
UV3: 0.625 0.406485
MaterialIndex: 2

VertexIndicies: 84 85 94
Normal: -0.394227 -0.648665 -0.651014
Tangent: 2.33844e-008 0.708384 -0.705827
UV1: 0.375 0.406485 
UV2: 0.4 0.406485 
UV3: 0.375 0.50047
MaterialIndex: 2

VertexIndicies: 94 85 95
Normal: 6.19384e-007 -0.705827 -0.708384
Tangent: -1.34714e-013 0.708384 -0.705827
UV1: 0.375 0.50047 
UV2: 0.4 0.406485 
UV3: 0.4 0.50047
MaterialIndex: 2

VertexIndicies: 85 86 95
Normal: -0.40349 2.07913e-007 -0.914984
Tangent: 2.62716e-008 1 2.15646e-007
UV1: 0.4 0.406485 
UV2: 0.425 0.406485 
UV3: 0.4 0.50047
MaterialIndex: 2

VertexIndicies: 95 86 96
Normal: 9.77803e-007 0 -1
Tangent: 0 1 0
UV1: 0.4 0.50047 
UV2: 0.425 0.406485 
UV3: 0.425 0.50047
MaterialIndex: 2

VertexIndicies: 86 87 96
Normal: -0.134121 0.913544 -0.383992
Tangent: 7.7931e-009 0.387493 0.921873
UV1: 0.425 0.406485 
UV2: 0.45 0.406485 
UV3: 0.425 0.50047
MaterialIndex: 2

VertexIndicies: 96 87 97
Normal: -8.33703e-013 0.921872 -0.387493
Tangent: -9.68846e-020 0.387493 0.921872
UV1: 0.425 0.50047 
UV2: 0.45 0.406485 
UV3: 0.45 0.50047
MaterialIndex: 2

VertexIndicies: 87 88 97
Normal: 0.336522 0.941675 0.000444603
Tangent: 2.82978e-010 -0.00047214 1
UV1: 0.45 0.406485 
UV2: 0.475 0.406485 
UV3: 0.45 0.50047
MaterialIndex: 2

VertexIndicies: 97 88 98
Normal: 0 1 0.000472137
Tangent: 0 -0.000472137 1
UV1: 0.45 0.50047 
UV2: 0.475 0.406485 
UV3: 0.475 0.50047
MaterialIndex: 2

VertexIndicies: 88 89 98
Normal: 0.336522 0.941676 -0.000372607
Tangent: -1.0802e-008 0.000395689 1
UV1: 0.475 0.406485 
UV2: 0.5 0.406485 
UV3: 0.475 0.50047
MaterialIndex: 2

VertexIndicies: 98 89 99
Normal: 0 1 -0.000395687
Tangent: 0 0.000395687 1
UV1: 0.475 0.50047 
UV2: 0.5 0.406485 
UV3: 0.5 0.50047
MaterialIndex: 2

VertexIndicies: 89 90 99
Normal: 0.0521528 0.896016 0.440948
Tangent: 0.000460118 -0.441571 0.897226
UV1: 0.5 0.406485 
UV2: 0.525 0.406485 
UV3: 0.5 0.50047
MaterialIndex: 2

VertexIndicies: 99 90 100
Normal: 0 0.946771 0.321908
Tangent: 0 -0.321908 0.946771
UV1: 0.5 0.50047 
UV2: 0.525 0.406485 
UV3: 0.525 0.50047
MaterialIndex: 2

VertexIndicies: 90 91 100
Normal: -0.420806 -2.50955e-007 0.907151
Tangent: -1.35516e-008 -1 -2.82927e-007
UV1: 0.525 0.406485 
UV2: 0.55 0.406485 
UV3: 0.525 0.50047
MaterialIndex: 2

VertexIndicies: 100 91 101
Normal: 0 -4.68211e-007 1
Tangent: 0 -1 -4.68211e-007
UV1: 0.525 0.50047 
UV2: 0.55 0.406485 
UV3: 0.55 0.50047
MaterialIndex: 2

VertexIndicies: 91 92 101
Normal: -0.389859 -0.752384 0.530969
Tangent: 0.0850038 -0.603533 -0.792794
UV1: 0.55 0.406485 
UV2: 0.575 0.406485 
UV3: 0.55 0.50047
MaterialIndex: 2

VertexIndicies: 101 92 102
Normal: 0 -0.776369 0.630278
Tangent: 0 -0.630278 -0.776369
UV1: 0.55 0.50047 
UV2: 0.575 0.406485 
UV3: 0.575 0.50047
MaterialIndex: 2

VertexIndicies: 92 93 102
Normal: -0.617579 -0.786509 -4.75552e-005
Tangent: 2.32518e-009 6.04618e-005 -1
UV1: 0.575 0.406485 
UV2: 0.6 0.406485 
UV3: 0.575 0.50047
MaterialIndex: 2

VertexIndicies: 102 93 103
Normal: 0 -1 -6.04849e-005
Tangent: 0 6.04849e-005 -1
UV1: 0.575 0.50047 
UV2: 0.6 0.406485 
UV3: 0.6 0.50047
MaterialIndex: 2

VertexIndicies: 93 84 103
Normal: -0.617579 -0.786509 5.67569e-005
Tangent: -3.32937e-009 -7.21605e-005 -1
UV1: 0.6 0.406485 
UV2: 0.625 0.406485 
UV3: 0.6 0.50047
MaterialIndex: 2

VertexIndicies: 103 84 94
Normal: 0 -1 7.21873e-005
Tangent: 0 -7.21873e-005 -1
UV1: 0.6 0.50047 
UV2: 0.625 0.406485 
UV3: 0.625 0.50047
MaterialIndex: 2

VertexIndicies: 94 95 104
Normal: 6.19384e-007 -0.705827 -0.708384
Tangent: -1.34714e-013 0.708384 -0.705827
UV1: 0.375 0.50047 
UV2: 0.4 0.50047 
UV3: 0.375 0.594455
MaterialIndex: 2

VertexIndicies: 104 95 105
Normal: 0.211904 -0.689798 -0.692297
Tangent: -1.46644e-008 0.708384 -0.705827
UV1: 0.375 0.594455 
UV2: 0.4 0.50047 
UV3: 0.4 0.594455
MaterialIndex: 2

VertexIndicies: 95 96 105
Normal: 9.77803e-007 0 -1
Tangent: 0 1 0
UV1: 0.4 0.50047 
UV2: 0.425 0.50047 
UV3: 0.4 0.594455
MaterialIndex: 2

VertexIndicies: 105 96 106
Normal: 0.20659 0 -0.978428
Tangent: 0 1 0
UV1: 0.4 0.594455 
UV2: 0.425 0.50047 
UV3: 0.425 0.594455
MaterialIndex: 2

VertexIndicies: 96 97 106
Normal: -8.33703e-013 0.921872 -0.387493
Tangent: -9.68846e-020 0.387493 0.921872
UV1: 0.425 0.50047 
UV2: 0.45 0.50047 
UV3: 0.425 0.594455
MaterialIndex: 2

VertexIndicies: 106 97 107
Normal: 0.0921281 0.917952 -0.385845
Tangent: 4.7583e-009 0.387493 0.921873
UV1: 0.425 0.594455 
UV2: 0.45 0.50047 
UV3: 0.45 0.594455
MaterialIndex: 2

VertexIndicies: 97 98 107
Normal: 0 1 0.000472137
Tangent: 0 -0.000472137 1
UV1: 0.45 0.50047 
UV2: 0.475 0.50047 
UV3: 0.45 0.594455
MaterialIndex: 2

VertexIndicies: 107 98 108
Normal: -0.168261 0.985742 0.000465374
Tangent: -2.59306e-009 -0.000472105 1
UV1: 0.45 0.594455 
UV2: 0.475 0.50047 
UV3: 0.475 0.594455
MaterialIndex: 2

VertexIndicies: 98 99 108
Normal: 0 1 -0.000395687
Tangent: 0 0.000395687 1
UV1: 0.475 0.50047 
UV2: 0.5 0.50047 
UV3: 0.475 0.594455
MaterialIndex: 2

VertexIndicies: 108 99 109
Normal: -0.168261 0.985742 -0.000390022
Tangent: 6.45246e-009 0.000395664 1
UV1: 0.475 0.594455 
UV2: 0.5 0.50047 
UV3: 0.5 0.594455
MaterialIndex: 2

VertexIndicies: 99 100 109
Normal: 0 0.946771 0.321908
Tangent: 0 -0.321908 0.946771
UV1: 0.5 0.50047 
UV2: 0.525 0.50047 
UV3: 0.5 0.594455
MaterialIndex: 2

VertexIndicies: 109 100 110
Normal: -0.0348896 0.909749 0.41369
Tangent: -0.000319611 -0.413952 0.910299
UV1: 0.5 0.594455 
UV2: 0.525 0.50047 
UV3: 0.525 0.594455
MaterialIndex: 2

VertexIndicies: 100 101 110
Normal: 0 -4.68211e-007 1
Tangent: 0 -1 -4.68211e-007
UV1: 0.525 0.50047 
UV2: 0.55 0.50047 
UV3: 0.525 0.594455
MaterialIndex: 2

VertexIndicies: 110 101 111
Normal: 0.217521 -5.29893e-007 0.976056
Tangent: -1.58558e-008 -1 -5.39359e-007
UV1: 0.525 0.594455 
UV2: 0.55 0.50047 
UV3: 0.55 0.594455
MaterialIndex: 2

VertexIndicies: 101 102 111
Normal: 0 -0.776369 0.630278
Tangent: 0 -0.630278 -0.776369
UV1: 0.55 0.50047 
UV2: 0.575 0.50047 
UV3: 0.55 0.594455
MaterialIndex: 2

VertexIndicies: 111 102 112
Normal: 0.152358 -0.767306 0.62292
Tangent: 0 -0.630278 -0.776369
UV1: 0.55 0.594455 
UV2: 0.575 0.50047 
UV3: 0.575 0.594455
MaterialIndex: 2

VertexIndicies: 102 103 112
Normal: 0 -1 -6.04849e-005
Tangent: 0 6.04849e-005 -1
UV1: 0.575 0.50047 
UV2: 0.6 0.50047 
UV3: 0.575 0.594455
MaterialIndex: 2

VertexIndicies: 112 103 113
Normal: 0.26408 -0.964501 -5.83389e-005
Tangent: -3.24409e-010 6.04861e-005 -1
UV1: 0.575 0.594455 
UV2: 0.6 0.50047 
UV3: 0.6 0.594455
MaterialIndex: 2

VertexIndicies: 103 94 113
Normal: 0 -1 7.21873e-005
Tangent: 0 -7.21873e-005 -1
UV1: 0.6 0.50047 
UV2: 0.625 0.50047 
UV3: 0.6 0.594455
MaterialIndex: 2

VertexIndicies: 113 94 104
Normal: 0.26408 -0.964501 6.96263e-005
Tangent: 4.3078e-010 -7.21888e-005 -1
UV1: 0.6 0.594455 
UV2: 0.625 0.50047 
UV3: 0.625 0.594455
MaterialIndex: 2

VertexIndicies: 104 105 114
Normal: 0.211904 -0.689798 -0.692297
Tangent: -1.46644e-008 0.708384 -0.705827
UV1: 0.375 0.594455 
UV2: 0.4 0.594455 
UV3: 0.375 0.68844
MaterialIndex: 2

VertexIndicies: 114 105 115
Normal: 0.514419 -0.642303 -0.568172
Tangent: 0.0806208 0.695851 -0.713647
UV1: 0.375 0.68844 
UV2: 0.4 0.594455 
UV3: 0.4 0.68844
MaterialIndex: 2

VertexIndicies: 105 106 115
Normal: 0.20659 0 -0.978428
Tangent: 0 1 0
UV1: 0.4 0.594455 
UV2: 0.425 0.594455 
UV3: 0.4 0.68844
MaterialIndex: 2

VertexIndicies: 115 106 116
Normal: 0.592403 3.7161e-007 -0.805642
Tangent: -1.08413e-007 1 3.81542e-007
UV1: 0.4 0.68844 
UV2: 0.425 0.594455 
UV3: 0.425 0.68844
MaterialIndex: 2

VertexIndicies: 106 107 116
Normal: 0.0921281 0.917952 -0.385845
Tangent: 4.7583e-009 0.387493 0.921873
UV1: 0.425 0.594455 
UV2: 0.45 0.594455 
UV3: 0.425 0.68844
MaterialIndex: 2

VertexIndicies: 116 107 117
Normal: -0.0305795 0.798211 -0.601601
Tangent: 7.83052e-005 0.601884 0.798583
UV1: 0.425 0.68844 
UV2: 0.45 0.594455 
UV3: 0.45 0.68844
MaterialIndex: 2

VertexIndicies: 107 108 117
Normal: -0.168261 0.985742 0.000465374
Tangent: -2.59306e-009 -0.000472105 1
UV1: 0.45 0.594455 
UV2: 0.475 0.594455 
UV3: 0.45 0.68844
MaterialIndex: 2

VertexIndicies: 117 108 118
Normal: -0.490171 0.871626 0.000411541
Tangent: 7.60949e-010 -0.000472153 1
UV1: 0.45 0.68844 
UV2: 0.475 0.594455 
UV3: 0.475 0.68844
MaterialIndex: 2

VertexIndicies: 108 109 118
Normal: -0.168261 0.985742 -0.000390022
Tangent: 6.45246e-009 0.000395664 1
UV1: 0.475 0.594455 
UV2: 0.5 0.594455 
UV3: 0.475 0.68844
MaterialIndex: 2

VertexIndicies: 118 109 119
Normal: -0.490171 0.871626 -0.000344903
Tangent: 1.194e-008 0.000395707 1
UV1: 0.475 0.68844 
UV2: 0.5 0.594455 
UV3: 0.5 0.68844
MaterialIndex: 2

VertexIndicies: 110 120 109
Normal: 0.124374 0.93942 0.319408
Tangent: 2.80168e-008 -0.321908 0.946771
UV1: 0.525 0.594455 
UV2: 0.525 0.68844 
UV3: 0.5 0.594455
MaterialIndex: 2

VertexIndicies: 109 120 119
Normal: -0.0348896 0.909749 0.41369
Tangent: -0.000319611 -0.413952 0.910299
UV1: 0.5 0.594455 
UV2: 0.525 0.68844 
UV3: 0.5 0.68844
MaterialIndex: 2

VertexIndicies: 110 111 120
Normal: 0.217521 -5.29893e-007 0.976056
Tangent: -1.58558e-008 -1 -5.39359e-007
UV1: 0.525 0.594455 
UV2: 0.55 0.594455 
UV3: 0.525 0.68844
MaterialIndex: 2

VertexIndicies: 120 111 121
Normal: 0.620483 -3.61729e-007 0.78422
Tangent: 3.38241e-009 -1 -4.63936e-007
UV1: 0.525 0.68844 
UV2: 0.55 0.594455 
UV3: 0.55 0.68844
MaterialIndex: 2

VertexIndicies: 111 112 121
Normal: 0.152358 -0.767306 0.62292
Tangent: 0 -0.630278 -0.776369
UV1: 0.55 0.594455 
UV2: 0.575 0.594455 
UV3: 0.55 0.68844
MaterialIndex: 2

VertexIndicies: 121 112 122
Normal: 0.579366 -0.679544 0.450062
Tangent: -0.0733603 -0.593412 -0.801549
UV1: 0.55 0.68844 
UV2: 0.575 0.594455 
UV3: 0.575 0.68844
MaterialIndex: 2

VertexIndicies: 112 113 122
Normal: 0.26408 -0.964501 -5.83389e-005
Tangent: -3.24409e-010 6.04861e-005 -1
UV1: 0.575 0.594455 
UV2: 0.6 0.594455 
UV3: 0.575 0.68844
MaterialIndex: 2

VertexIndicies: 122 113 123
Normal: 0.733653 -0.679524 -4.10769e-005
Tangent: -1.8684e-009 6.04476e-005 -1
UV1: 0.575 0.68844 
UV2: 0.6 0.594455 
UV3: 0.6 0.68844
MaterialIndex: 2

VertexIndicies: 113 104 123
Normal: 0.26408 -0.964501 6.96263e-005
Tangent: 4.3078e-010 -7.21888e-005 -1
UV1: 0.6 0.594455 
UV2: 0.625 0.594455 
UV3: 0.6 0.68844
MaterialIndex: 2

VertexIndicies: 123 104 114
Normal: 0.733653 -0.679524 4.9025e-005
Tangent: 2.7172e-009 -7.21432e-005 -1
UV1: 0.6 0.68844 
UV2: 0.625 0.594455 
UV3: 0.625 0.68844
MaterialIndex: 2

VertexIndicies: 75 74 124
Normal: -0.979136 -0.131612 0.154827
Tangent: 0.0470519 -0.888048 -0.457336
UV1: 0.548284 0.0076474 
UV2: 0.626409 0.0644085 
UV3: 0.5 0.15
MaterialIndex: 2

VertexIndicies: 76 75 124
Normal: -0.989374 -0.0526312 0.135535
Tangent: 0.102572 -0.913333 0.394085
UV1: 0.451716 0.00764741 
UV2: 0.548284 0.0076474 
UV3: 0.5 0.15
MaterialIndex: 2

VertexIndicies: 77 76 124
Normal: -0.959532 -0.273861 0.0655591
Tangent: 0.271327 -0.836821 0.475512
UV1: 0.373591 0.0644086 
UV2: 0.451716 0.00764741 
UV3: 0.5 0.15
MaterialIndex: 2

VertexIndicies: 78 77 124
Normal: -0.901149 -0.43351 -1.65713e-005
Tangent: 0.425722 -0.884966 0.188672
UV1: 0.34375 0.15625 
UV2: 0.373591 0.0644086 
UV3: 0.5 0.15
MaterialIndex: 2

VertexIndicies: 79 78 124
Normal: -0.95882 -0.278957 -0.0533581
Tangent: 0.28193 -0.912117 -0.297587
UV1: 0.373591 0.248091 
UV2: 0.34375 0.15625 
UV3: 0.5 0.15
MaterialIndex: 2

VertexIndicies: 80 79 124
Normal: -0.992102 -0.0581053 -0.111165
Tangent: 0.0975879 -0.914341 -0.393011
UV1: 0.451716 0.304853 
UV2: 0.373591 0.248091 
UV3: 0.5 0.15
MaterialIndex: 2

VertexIndicies: 81 80 124
Normal: -0.984175 -0.123531 -0.127046
Tangent: 0.0528137 -0.888855 0.455134
UV1: 0.548284 0.304853 
UV2: 0.451716 0.304853 
UV3: 0.5 0.15
MaterialIndex: 2

VertexIndicies: 82 81 124
Normal: -0.997031 0.0307409 -0.0706048
Tangent: -0.0528051 -0.940279 0.336285
UV1: 0.626409 0.248091 
UV2: 0.548284 0.304853 
UV3: 0.5 0.15
MaterialIndex: 2

VertexIndicies: 83 82 124
Normal: -0.952633 0.304123 -1.7849e-006
Tangent: -0.295552 -0.925786 -0.23573
UV1: 0.65625 0.15625 
UV2: 0.626409 0.248091 
UV3: 0.5 0.15
MaterialIndex: 2

VertexIndicies: 74 83 124
Normal: -0.995994 0.0226103 0.0865141
Tangent: -0.0671925 -0.827617 -0.557257
UV1: 0.626409 0.0644085 
UV2: 0.65625 0.15625 
UV3: 0.5 0.15
MaterialIndex: 2

VertexIndicies: 114 115 125
Normal: 0.898609 0.413623 0.146349
Tangent: 0.438076 -0.827355 -0.35153
UV1: 0.626409 0.935591 
UV2: 0.548284 0.992353 
UV3: 0.5 0.8375
MaterialIndex: 2

VertexIndicies: 115 116 125
Normal: 0.961418 0.0262187 0.273839
Tangent: 0.143207 -0.897628 -0.416839
UV1: 0.548284 0.992353 
UV2: 0.451716 0.992353 
UV3: 0.5 0.8375
MaterialIndex: 2

VertexIndicies: 116 117 125
Normal: 0.95909 -0.100094 0.264818
Tangent: -0.192947 -0.915623 0.352713
UV1: 0.451716 0.992353 
UV2: 0.373591 0.935591 
UV3: 0.5 0.8375
MaterialIndex: 2

VertexIndicies: 117 118 125
Normal: 0.87372 -0.468455 0.13101
Tangent: -0.485486 -0.823032 0.294825
UV1: 0.373591 0.935591 
UV2: 0.34375 0.84375 
UV3: 0.5 0.8375
MaterialIndex: 2

VertexIndicies: 118 119 125
Normal: 0.719436 -0.694559 -2.6551e-005
Tangent: -0.686532 -0.711115 -0.151622
UV1: 0.34375 0.84375 
UV2: 0.373591 0.751909 
UV3: 0.5 0.8375
MaterialIndex: 2

VertexIndicies: 119 120 125
Normal: 0.87233 -0.477089 -0.10689
Tangent: -0.463702 -0.738025 -0.490203
UV1: 0.373591 0.751909 
UV2: 0.451716 0.695147 
UV3: 0.5 0.8375
MaterialIndex: 2

VertexIndicies: 120 121 125
Normal: 0.969358 -0.110902 -0.219194
Tangent: -0.194334 -0.892015 -0.408097
UV1: 0.451716 0.695147 
UV2: 0.548284 0.695147 
UV3: 0.5 0.8375
MaterialIndex: 2

VertexIndicies: 121 122 125
Normal: 0.973132 0.0407971 -0.226604
Tangent: 0.145374 -0.87207 0.467291
UV1: 0.548284 0.695147 
UV2: 0.626409 0.751909 
UV3: 0.5 0.8375
MaterialIndex: 2

VertexIndicies: 122 123 125
Normal: 0.896886 0.425886 -0.119235
Tangent: 0.414654 -0.715999 0.561612
UV1: 0.626409 0.751909 
UV2: 0.65625 0.84375 
UV3: 0.5 0.8375
MaterialIndex: 2

VertexIndicies: 123 114 125
Normal: 0.701334 0.712833 -4.17205e-006
Tangent: 0.701728 -0.690407 0.175831
UV1: 0.65625 0.84375 
UV2: 0.626409 0.935591 
UV3: 0.5 0.8375
MaterialIndex: 2

VertexIndicies: 126 127 128
Normal: 0 0.414905 0.909865
Tangent: 1 0 0
UV1: 0.375 0 
UV2: 0.625 0 
UV3: 0.375 0.25
MaterialIndex: 3

VertexIndicies: 128 127 129
Normal: 0 0.414905 0.909865
Tangent: 1 0 0
UV1: 0.375 0.25 
UV2: 0.625 0 
UV3: 0.625 0.25
MaterialIndex: 3

VertexIndicies: 128 129 130
Normal: 0 1 0
Tangent: 1 0 0
UV1: 0.375 0.25 
UV2: 0.625 0.25 
UV3: 0.375 0.3
MaterialIndex: 3

VertexIndicies: 130 129 131
Normal: 0 1 5.58756e-007
Tangent: 1 0 0
UV1: 0.375 0.3 
UV2: 0.625 0.25 
UV3: 0.625 0.3
MaterialIndex: 3

VertexIndicies: 130 131 132
Normal: 0 1 5.58756e-007
Tangent: 1 0 0
UV1: 0.375 0.3 
UV2: 0.625 0.3 
UV3: 0.375 0.35
MaterialIndex: 3

VertexIndicies: 132 131 133
Normal: 0 1 3.7193e-007
Tangent: 1 0 0
UV1: 0.375 0.35 
UV2: 0.625 0.3 
UV3: 0.625 0.35
MaterialIndex: 3

VertexIndicies: 133 135 132
Normal: 0 1 -9.42753e-008
Tangent: 1 0 0
UV1: 0.625 0.35 
UV2: 0.625 0.4 
UV3: 0.375 0.35
MaterialIndex: 3

VertexIndicies: 132 135 134
Normal: 0 1 3.7193e-007
Tangent: 1 0 0
UV1: 0.375 0.35 
UV2: 0.625 0.4 
UV3: 0.375 0.4
MaterialIndex: 3

VertexIndicies: 135 137 134
Normal: 0 1 1.0664e-007
Tangent: 1 0 0
UV1: 0.625 0.4 
UV2: 0.625 0.45 
UV3: 0.375 0.4
MaterialIndex: 3

VertexIndicies: 134 137 136
Normal: 0 1 -9.48023e-007
Tangent: 1 0 0
UV1: 0.375 0.4 
UV2: 0.625 0.45 
UV3: 0.375 0.45
MaterialIndex: 3

VertexIndicies: 137 139 136
Normal: 0 1 1.06623e-007
Tangent: 1 0 0
UV1: 0.625 0.45 
UV2: 0.625 0.5 
UV3: 0.375 0.45
MaterialIndex: 3

VertexIndicies: 136 139 138
Normal: 0 1 1.05465e-006
Tangent: 1 0 0
UV1: 0.375 0.45 
UV2: 0.625 0.5 
UV3: 0.375 0.5
MaterialIndex: 3

VertexIndicies: 138 139 140
Normal: 0 0 -1
Tangent: 1 0 0
UV1: 0.375 0.5 
UV2: 0.625 0.5 
UV3: 0.375 0.75
MaterialIndex: 3

VertexIndicies: 140 139 141
Normal: 0 0 -1
Tangent: 1 0 0
UV1: 0.375 0.75 
UV2: 0.625 0.5 
UV3: 0.625 0.75
MaterialIndex: 3

VertexIndicies: 140 141 142
Normal: 0 -1 0
Tangent: 1 0 0
UV1: 0.375 0.75 
UV2: 0.625 0.75 
UV3: 0.375 0.8
MaterialIndex: 3

VertexIndicies: 142 141 143
Normal: 0 -1 0
Tangent: 1 0 0
UV1: 0.375 0.8 
UV2: 0.625 0.75 
UV3: 0.625 0.8
MaterialIndex: 3

VertexIndicies: 142 143 144
Normal: 0 -1 0
Tangent: 1 0 0
UV1: 0.375 0.8 
UV2: 0.625 0.8 
UV3: 0.375 0.85
MaterialIndex: 3

VertexIndicies: 144 143 145
Normal: 0 -1 0
Tangent: 1 0 0
UV1: 0.375 0.85 
UV2: 0.625 0.8 
UV3: 0.625 0.85
MaterialIndex: 3

VertexIndicies: 144 145 146
Normal: 0 -1 0
Tangent: 1 0 0
UV1: 0.375 0.85 
UV2: 0.625 0.85 
UV3: 0.375 0.9
MaterialIndex: 3

VertexIndicies: 146 145 147
Normal: 0 -1 -2.09534e-007
Tangent: 1 0 0
UV1: 0.375 0.9 
UV2: 0.625 0.85 
UV3: 0.625 0.9
MaterialIndex: 3

VertexIndicies: 147 149 146
Normal: 0 -1 0
Tangent: 1 0 0
UV1: 0.625 0.9 
UV2: 0.625 0.95 
UV3: 0.375 0.9
MaterialIndex: 3

VertexIndicies: 146 149 148
Normal: 0 -1 -2.09534e-007
Tangent: 1 0 0
UV1: 0.375 0.9 
UV2: 0.625 0.95 
UV3: 0.375 0.95
MaterialIndex: 3

VertexIndicies: 149 127 148
Normal: 0 -1 -2.79378e-007
Tangent: 1 0 0
UV1: 0.625 0.95 
UV2: 0.625 1 
UV3: 0.375 0.95
MaterialIndex: 3

VertexIndicies: 148 127 126
Normal: 0 -1 -2.79378e-007
Tangent: 1 0 0
UV1: 0.375 0.95 
UV2: 0.625 1 
UV3: 0.375 1
MaterialIndex: 3

VertexIndicies: 143 141 137
Normal: 0.88533 -9.03091e-008 -0.464964
Tangent: -0.464964 -2.93617e-013 -0.885329
UV1: 0.825 0 
UV2: 0.875 0 
UV3: 0.825 0.25
MaterialIndex: 3

VertexIndicies: 137 141 139
Normal: 0.878368 -9.03091e-008 -0.477985
Tangent: -0.477985 2.98798e-013 -0.878368
UV1: 0.825 0.25 
UV2: 0.875 0 
UV3: 0.875 0.25
MaterialIndex: 3

VertexIndicies: 145 143 135
Normal: 0.946026 -1.25847e-008 -0.324091
Tangent: -0.324091 -4.24105e-012 -0.946026
UV1: 0.775 0 
UV2: 0.825 0 
UV3: 0.775 0.25
MaterialIndex: 3

VertexIndicies: 135 143 137
Normal: 0.921213 -4.25169e-008 -0.389058
Tangent: -0.389058 1.43056e-011 -0.921213
UV1: 0.775 0.25 
UV2: 0.825 0 
UV3: 0.825 0.25
MaterialIndex: 3

VertexIndicies: 147 145 133
Normal: 0.998273 8.20101e-009 0.0587371
Tangent: 0.0587371 3.50078e-011 -0.998273
UV1: 0.725 0 
UV2: 0.775 0 
UV3: 0.725 0.25
MaterialIndex: 3

VertexIndicies: 133 145 135
Normal: 0.994692 -2.17816e-009 -0.102899
Tangent: -0.102899 9.3003e-012 -0.994692
UV1: 0.725 0.25 
UV2: 0.775 0 
UV3: 0.775 0.25
MaterialIndex: 3

VertexIndicies: 149 147 131
Normal: 0.978869 0.0102349 0.204233
Tangent: 0.204243 1.22259e-006 -0.97892
UV1: 0.675 0 
UV2: 0.725 0 
UV3: 0.675 0.25
MaterialIndex: 3

VertexIndicies: 131 147 133
Normal: 0.967549 3.7211e-008 0.252684
Tangent: 0.252684 -2.21482e-012 -0.967549
UV1: 0.675 0.25 
UV2: 0.725 0 
UV3: 0.725 0.25
MaterialIndex: 3

VertexIndicies: 127 149 129
Normal: 0.997291 0.0305192 0.0669269
Tangent: 0.0669581 7.54266e-010 -0.997756
UV1: 0.625 0 
UV2: 0.675 0 
UV3: 0.625 0.25
MaterialIndex: 3

VertexIndicies: 129 149 131
Normal: 0.979905 0.0153977 0.198869
Tangent: 0.198892 4.91623e-007 -0.980021
UV1: 0.625 0.25 
UV2: 0.675 0 
UV3: 0.675 0.25
MaterialIndex: 3

VertexIndicies: 140 142 138
Normal: -0.871218 0 0.490896
Tangent: 0.490896 0 0.871218
UV1: 0.125 0 
UV2: 0.175 0 
UV3: 0.125 0.25
MaterialIndex: 3

VertexIndicies: 138 142 136
Normal: -0.871217 7.00496e-008 0.490898
Tangent: 0.490898 5.01021e-015 0.871217
UV1: 0.125 0.25 
UV2: 0.175 0 
UV3: 0.175 0.25
MaterialIndex: 3

VertexIndicies: 142 144 136
Normal: -0.878368 8.8909e-008 0.477985
Tangent: 0.477985 -2.67934e-013 0.878368
UV1: 0.175 0 
UV2: 0.225 0 
UV3: 0.175 0.25
MaterialIndex: 3

VertexIndicies: 136 144 134
Normal: -0.885329 8.8909e-008 0.464965
Tangent: 0.464965 2.5735e-013 0.885329
UV1: 0.175 0.25 
UV2: 0.225 0 
UV3: 0.225 0.25
MaterialIndex: 3

VertexIndicies: 144 146 134
Normal: -0.921213 4.23934e-008 0.389058
Tangent: 0.389058 -1.42668e-011 0.921213
UV1: 0.225 0 
UV2: 0.275 0 
UV3: 0.225 0.25
MaterialIndex: 3

VertexIndicies: 134 146 132
Normal: -0.946026 1.2197e-008 0.324091
Tangent: 0.324091 4.1074e-012 0.946026
UV1: 0.225 0.25 
UV2: 0.275 0 
UV3: 0.275 0.25
MaterialIndex: 3

VertexIndicies: 146 148 132
Normal: -0.994692 2.49968e-009 0.102899
Tangent: 0.102899 -1.06733e-011 0.994692
UV1: 0.275 0 
UV2: 0.325 0 
UV3: 0.275 0.25
MaterialIndex: 3

VertexIndicies: 132 148 130
Normal: -0.998273 -8.16967e-009 -0.0587371
Tangent: -0.0587371 -3.48748e-011 0.998273
UV1: 0.275 0.25 
UV2: 0.325 0 
UV3: 0.325 0.25
MaterialIndex: 3

VertexIndicies: 126 128 148
Normal: -0.997291 -0.0305192 -0.0669269
Tangent: -0.0669581 -7.54267e-010 0.997756
UV1: 0.375 0 
UV2: 0.375 0.25 
UV3: 0.325 0
MaterialIndex: 3

VertexIndicies: 148 128 130
Normal: -0.978332 -0.00766468 -0.206898
Tangent: -0.206904 -9.68678e-007 0.978361
UV1: 0.325 0 
UV2: 0.375 0.25 
UV3: 0.325 0.25
MaterialIndex: 3

VertexIndicies: 150 151 152
Normal: 0 0.40675 0.91354
Tangent: 1 0 0
UV1: 0.375 0 
UV2: 0.625 0 
UV3: 0.375 0.25
MaterialIndex: -1

VertexIndicies: 152 151 153
Normal: 0 0.40675 0.91354
Tangent: 1 0 0
UV1: 0.375 0.25 
UV2: 0.625 0 
UV3: 0.625 0.25
MaterialIndex: -1

VertexIndicies: 152 153 154
Normal: 0 1 0
Tangent: 1 0 0
UV1: 0.375 0.25 
UV2: 0.625 0.25 
UV3: 0.375 0.5
MaterialIndex: -1

VertexIndicies: 154 153 155
Normal: 0 1 0
Tangent: 1 0 0
UV1: 0.375 0.5 
UV2: 0.625 0.25 
UV3: 0.625 0.5
MaterialIndex: -1

VertexIndicies: 154 155 156
Normal: 0 -0.40675 -0.91354
Tangent: 1 0 0
UV1: 0.375 0.5 
UV2: 0.625 0.5 
UV3: 0.375 0.75
MaterialIndex: -1

VertexIndicies: 156 155 157
Normal: 0 -0.40675 -0.91354
Tangent: 1 0 0
UV1: 0.375 0.75 
UV2: 0.625 0.5 
UV3: 0.625 0.75
MaterialIndex: -1

VertexIndicies: 156 157 150
Normal: 0 -1 0
Tangent: 1 0 0
UV1: 0.375 0.75 
UV2: 0.625 0.75 
UV3: 0.375 1
MaterialIndex: -1

VertexIndicies: 150 157 151
Normal: 0 -1 0
Tangent: 1 0 0
UV1: 0.375 1 
UV2: 0.625 0.75 
UV3: 0.625 1
MaterialIndex: -1

VertexIndicies: 151 157 153
Normal: 1 0 0
Tangent: 0 0 -1
UV1: 0.625 0 
UV2: 0.875 0 
UV3: 0.625 0.25
MaterialIndex: -1

VertexIndicies: 153 157 155
Normal: 1 0 0
Tangent: 0 0 -1
UV1: 0.625 0.25 
UV2: 0.875 0 
UV3: 0.875 0.25
MaterialIndex: -1

VertexIndicies: 150 152 156
Normal: -1 1.17999e-008 0
Tangent: 0 0 1
UV1: 0.375 0 
UV2: 0.375 0.25 
UV3: 0.125 0
MaterialIndex: -1

VertexIndicies: 156 152 154
Normal: -1 5.89993e-009 0
Tangent: 0 0 1
UV1: 0.125 0 
UV2: 0.375 0.25 
UV3: 0.125 0.25
MaterialIndex: -1


MeshName: pasted__pCylinderShape3
NumberOfVertices: 81
2.76819 3.5962 -2.57858
0.730512 3.5962 -2.10461
-0.730513 3.5962 -2.10461
-2.53183 3.5962 -2.57858
-2.8212 3.60032 -1.18906
-1.91251 3.5962 2.01345
-0.730512 3.5962 2.87222
0.730513 3.5962 2.87222
1.91251 3.5962 2.01345
3.04509 3.59824 -1.18906
2.76819 3.91217 -2.57858
0.730512 3.91217 -2.10461
-0.730513 3.91217 -2.10461
-2.53183 3.91217 -2.57858
-2.98331 3.91217 -1.18906
-1.91251 3.91217 2.01345
-0.730512 3.57631 5.26311
0.730513 3.57631 5.26311
1.91251 3.91217 2.01345
3.21967 3.91217 -1.18906
2.76819 4.17141 -2.57858
0.730512 4.17141 -2.10461
-0.730513 4.17141 -2.10461
-2.53183 4.17141 -2.57858
-2.98331 4.17141 -1.18906
-1.91251 4.17141 2.01345
-0.730512 3.98723 4.53125
0.730513 3.98723 4.53125
1.91251 4.17141 2.01345
3.21967 4.17141 -1.18906
2.33175 4.43065 -2.57858
0.730512 4.43065 -1.54472
-0.730513 4.43065 -1.54472
-2.22008 4.43065 -2.57858
-2.67157 4.43065 -1.18906
-1.60077 4.43065 2.01345
-0.730512 4.68462 4.53125
0.730513 4.68462 4.53125
1.47607 4.43065 2.01345
2.78323 4.43065 -1.18906
1.79263 4.94514 -1.59832
1.58619 5.99712 -3.00154
-1.34983 5.99712 -3.00154
-1.54361 4.94514 -1.56881
-2.45185 4.72543 -1.18906
-1.38105 4.72543 2.01345
-0.730512 4.94514 2.87222
0.730513 4.94514 2.87222
1.23194 4.71322 2.01345
2.53911 4.71322 -1.18906
0 3.5962 -1.18906
0 4.85105 -0.130591
-0.612612 4.16435 9.03894
0.604237 4.16435 9.03894
0.247406 4.6944 9.03894
-0.279312 4.6944 9.03894
-0.834997 4.01034 11.3014
0.834997 4.01034 11.3014
0.834997 4.77161 11.0898
-0.834997 4.77161 11.0898
1.0303e-007 4.56779 9.16798
8.9407e-008 4.01034 11.3014
0.834997 4.39098 11.1956
8.9407e-008 4.77161 11.0898
-0.834997 4.39098 11.1956
-0.417498 4.20066 11.1413
-0.834997 4.20066 11.2485
-0.417498 4.01034 11.3014
9.62187e-008 4.20066 11.1413
-0.417498 4.39098 11.0884
0.417498 4.20066 11.1413
0.417498 4.01034 11.3014
0.834997 4.20066 11.2485
0.417498 4.39098 11.0884
0.417499 4.5813 11.0355
0.834997 4.5813 11.1427
0.417498 4.77161 11.0898
9.62187e-008 4.5813 11.0355
-0.417498 4.5813 11.0355
-0.417498 4.77161 11.0898
-0.834997 4.5813 11.1427

NumberOfPolygons: 158
VertexIndicies: 0 1 10
Normal: -0.226554 0 -0.973999
Tangent: -0.973999 0 0.226554
UV1: 0.375 0.3125 
UV2: 0.4 0.3125 
UV3: 0.375 0.406485
MaterialIndex: -1

VertexIndicies: 10 1 11
Normal: -0.226553 0 -0.973999
Tangent: -0.973999 0 0.226553
UV1: 0.375 0.406485 
UV2: 0.4 0.3125 
UV3: 0.4 0.406485
MaterialIndex: -1

VertexIndicies: 1 2 11
Normal: -2.58235e-007 0 -1
Tangent: -1 0 2.58235e-007
UV1: 0.4 0.3125 
UV2: 0.425 0.3125 
UV3: 0.4 0.406485
MaterialIndex: -1

VertexIndicies: 11 2 12
Normal: -3.63146e-007 0 -1
Tangent: -1 0 3.63146e-007
UV1: 0.4 0.406485 
UV2: 0.425 0.3125 
UV3: 0.425 0.406485
MaterialIndex: -1

VertexIndicies: 2 3 12
Normal: 0.254462 0 -0.967083
Tangent: -0.967083 0 -0.254462
UV1: 0.425 0.3125 
UV2: 0.45 0.3125 
UV3: 0.425 0.406485
MaterialIndex: -1

VertexIndicies: 12 3 13
Normal: 0.254461 0 -0.967083
Tangent: -0.967083 0 -0.254461
UV1: 0.425 0.406485 
UV2: 0.45 0.3125 
UV3: 0.45 0.406485
MaterialIndex: -1

VertexIndicies: 3 4 13
Normal: -0.978995 0 -0.203882
Tangent: -0.203882 0.00290201 0.978991
UV1: 0.45 0.3125 
UV2: 0.475 0.3125 
UV3: 0.45 0.406485
MaterialIndex: -1

VertexIndicies: 13 4 14
Normal: -0.950894 -0.151447 -0.269935
Tangent: -0.273252 0.00113526 0.961942
UV1: 0.45 0.406485 
UV2: 0.475 0.3125 
UV3: 0.475 0.406485
MaterialIndex: -1

VertexIndicies: 5 15 4
Normal: -0.962023 0 0.272969
Tangent: 0.272969 -0.00123731 0.962022
UV1: 0.5 0.3125 
UV2: 0.5 0.406485 
UV3: 0.475 0.3125
MaterialIndex: -1

VertexIndicies: 4 15 14
Normal: -0.930862 -0.227075 0.286239
Tangent: 0.29411 -0.000864587 0.955771
UV1: 0.475 0.3125 
UV2: 0.5 0.406485 
UV3: 0.475 0.406485
MaterialIndex: -1

VertexIndicies: 5 6 15
Normal: -0.587785 0 0.809017
Tangent: 0.809017 0 0.587785
UV1: 0.5 0.3125 
UV2: 0.525 0.3125 
UV3: 0.5 0.406485
MaterialIndex: -1

VertexIndicies: 15 6 16
Normal: -0.840598 -0.128681 0.526152
Tangent: 0.536229 -0.0604924 0.841902
UV1: 0.5 0.406485 
UV2: 0.525 0.3125 
UV3: 0.525 0.406485
MaterialIndex: -1

VertexIndicies: 6 7 16
Normal: 0 -0.999965 -0.00832111
Tangent: 1 0 0
UV1: 0.525 0.3125 
UV2: 0.55 0.3125 
UV3: 0.525 0.406485
MaterialIndex: -1

VertexIndicies: 16 7 17
Normal: 0 -0.922218 0.38667
Tangent: 1 0 0
UV1: 0.525 0.406485 
UV2: 0.55 0.3125 
UV3: 0.55 0.406485
MaterialIndex: -1

VertexIndicies: 8 18 7
Normal: 0.587786 0 0.809017
Tangent: 0.809017 0 -0.587786
UV1: 0.575 0.3125 
UV2: 0.575 0.406485 
UV3: 0.55 0.3125
MaterialIndex: -1

VertexIndicies: 7 18 17
Normal: 0.556172 -0.640158 0.529973
Tangent: 0.670928 -0.0304676 -0.740897
UV1: 0.55 0.3125 
UV2: 0.575 0.406485 
UV3: 0.55 0.406485
MaterialIndex: -1

VertexIndicies: 8 9 18
Normal: 0.942779 0 0.333419
Tangent: 0.333419 0.000601086 -0.942778
UV1: 0.575 0.3125 
UV2: 0.6 0.3125 
UV3: 0.575 0.406485
MaterialIndex: -1

VertexIndicies: 18 9 19
Normal: 0.920458 -0.156532 0.358128
Tangent: 0.36264 0.000289154 -0.931929
UV1: 0.575 0.406485 
UV2: 0.6 0.3125 
UV3: 0.6 0.406485
MaterialIndex: -1

VertexIndicies: 0 10 9
Normal: 0.980716 0 -0.195439
Tangent: -0.195439 -0.0014411 -0.980715
UV1: 0.625 0.3125 
UV2: 0.625 0.406485 
UV3: 0.6 0.3125
MaterialIndex: -1

VertexIndicies: 9 10 19
Normal: 0.939858 -0.241244 -0.2418
Tangent: -0.249527 -0.00152999 -0.968367
UV1: 0.6 0.3125 
UV2: 0.625 0.406485 
UV3: 0.6 0.406485
MaterialIndex: -1

VertexIndicies: 10 11 20
Normal: -0.226553 0 -0.973999
Tangent: -0.973999 0 0.226553
UV1: 0.375 0.406485 
UV2: 0.4 0.406485 
UV3: 0.375 0.50047
MaterialIndex: -1

VertexIndicies: 20 11 21
Normal: -0.30259 0.0728129 -0.950336
Tangent: -0.952852 0.000576462 0.303435
UV1: 0.375 0.50047 
UV2: 0.4 0.406485 
UV3: 0.4 0.50047
MaterialIndex: -1

VertexIndicies: 11 12 21
Normal: -3.63146e-007 0 -1
Tangent: -1 0 3.63146e-007
UV1: 0.4 0.406485 
UV2: 0.425 0.406485 
UV3: 0.4 0.50047
MaterialIndex: -1

VertexIndicies: 21 12 22
Normal: -2.94699e-007 0.351084 -0.936344
Tangent: -1 3.82586e-009 3.16168e-007
UV1: 0.4 0.50047 
UV2: 0.425 0.406485 
UV3: 0.425 0.50047
MaterialIndex: -1

VertexIndicies: 12 13 22
Normal: 0.254461 0 -0.967083
Tangent: -0.967083 0 -0.254461
UV1: 0.425 0.406485 
UV2: 0.45 0.406485 
UV3: 0.425 0.50047
MaterialIndex: -1

VertexIndicies: 22 13 23
Normal: 0.23858 0.347745 -0.906727
Tangent: -0.967083 5.63816e-008 -0.254462
UV1: 0.425 0.50047 
UV2: 0.45 0.406485 
UV3: 0.45 0.50047
MaterialIndex: -1

VertexIndicies: 13 14 23
Normal: -0.950894 -0.151447 -0.269935
Tangent: -0.273252 0.00113526 0.961942
UV1: 0.45 0.406485 
UV2: 0.475 0.406485 
UV3: 0.45 0.50047
MaterialIndex: -1

VertexIndicies: 23 14 24
Normal: -0.865997 0.413371 -0.281379
Tangent: -0.309017 -3.54146e-008 0.951057
UV1: 0.45 0.50047 
UV2: 0.475 0.406485 
UV3: 0.475 0.50047
MaterialIndex: -1

VertexIndicies: 14 15 24
Normal: -0.923628 -0.227018 0.308828
Tangent: 0.317107 1.15406e-007 0.94839
UV1: 0.475 0.406485 
UV2: 0.5 0.406485 
UV3: 0.475 0.50047
MaterialIndex: -1

VertexIndicies: 24 15 25
Normal: -0.912614 0.272072 0.305144
Tangent: 0.317106 7.68388e-008 0.94839
UV1: 0.475 0.50047 
UV2: 0.5 0.406485 
UV3: 0.5 0.50047
MaterialIndex: -1

VertexIndicies: 16 26 15
Normal: -0.89369 -0.342673 0.289644
Tangent: 0.340218 -0.0966719 0.935364
UV1: 0.525 0.406485 
UV2: 0.525 0.50047 
UV3: 0.5 0.406485
MaterialIndex: -1

VertexIndicies: 15 26 25
Normal: -0.840598 -0.128681 0.526152
Tangent: 0.536229 -0.0604924 0.841902
UV1: 0.5 0.406485 
UV2: 0.525 0.50047 
UV3: 0.5 0.50047
MaterialIndex: -1

VertexIndicies: 16 17 26
Normal: 0 -0.922218 0.38667
Tangent: 1 0 0
UV1: 0.525 0.406485 
UV2: 0.55 0.406485 
UV3: 0.525 0.50047
MaterialIndex: -1

VertexIndicies: 26 17 27
Normal: 0 0.871957 0.489582
Tangent: 1 0 0
UV1: 0.525 0.50047 
UV2: 0.55 0.406485 
UV3: 0.55 0.50047
MaterialIndex: -1

VertexIndicies: 17 18 27
Normal: 0.89369 -0.342673 0.289644
Tangent: 0.340218 0.0966717 -0.935364
UV1: 0.55 0.406485 
UV2: 0.575 0.406485 
UV3: 0.55 0.50047
MaterialIndex: -1

VertexIndicies: 27 18 28
Normal: 0.847464 0.38641 0.363996
Tangent: 0.379794 0.0377309 -0.924301
UV1: 0.55 0.50047 
UV2: 0.575 0.406485 
UV3: 0.575 0.50047
MaterialIndex: -1

VertexIndicies: 18 19 28
Normal: 0.920458 -0.156532 0.358128
Tangent: 0.36264 0.000289154 -0.931929
UV1: 0.575 0.406485 
UV2: 0.6 0.406485 
UV3: 0.575 0.50047
MaterialIndex: -1

VertexIndicies: 28 19 29
Normal: 0.812425 0.479585 0.331606
Tangent: 0.377901 6.2807e-008 -0.925846
UV1: 0.575 0.50047 
UV2: 0.6 0.406485 
UV3: 0.6 0.50047
MaterialIndex: -1

VertexIndicies: 19 10 29
Normal: 0.923059 -0.240854 -0.29992
Tangent: -0.309017 6.28863e-008 -0.951056
UV1: 0.6 0.406485 
UV2: 0.625 0.406485 
UV3: 0.6 0.50047
MaterialIndex: -1

VertexIndicies: 29 10 20
Normal: 0.901725 0.317885 -0.292988
Tangent: -0.309017 9.33738e-008 -0.951057
UV1: 0.6 0.50047 
UV2: 0.625 0.406485 
UV3: 0.625 0.50047
MaterialIndex: -1

VertexIndicies: 21 31 20
Normal: -0.191525 0.534163 -0.823401
Tangent: -0.973999 -2.55674e-007 0.226554
UV1: 0.4 0.50047 
UV2: 0.4 0.594455 
UV3: 0.375 0.50047
MaterialIndex: -1

VertexIndicies: 20 31 30
Normal: -0.30259 0.0728129 -0.950336
Tangent: -0.952852 0.000576462 0.303435
UV1: 0.375 0.50047 
UV2: 0.4 0.594455 
UV3: 0.375 0.594455
MaterialIndex: -1

VertexIndicies: 21 22 31
Normal: -2.94699e-007 0.351084 -0.936344
Tangent: -1 3.82586e-009 3.16168e-007
UV1: 0.4 0.50047 
UV2: 0.425 0.50047 
UV3: 0.4 0.594455
MaterialIndex: -1

VertexIndicies: 31 22 32
Normal: -2.59701e-007 0.584847 -0.811143
Tangent: -1 -4.8666e-008 2.85077e-007
UV1: 0.4 0.594455 
UV2: 0.425 0.50047 
UV3: 0.425 0.594455
MaterialIndex: -1

VertexIndicies: 22 23 32
Normal: 0.23858 0.347745 -0.906727
Tangent: -0.967083 5.63816e-008 -0.254462
UV1: 0.425 0.50047 
UV2: 0.45 0.50047 
UV3: 0.425 0.594455
MaterialIndex: -1

VertexIndicies: 32 23 33
Normal: 0.510313 -0.0649465 -0.857533
Tangent: -0.859448 -0.00317365 -0.511213
UV1: 0.425 0.594455 
UV2: 0.45 0.50047 
UV3: 0.45 0.594455
MaterialIndex: -1

VertexIndicies: 24 34 23
Normal: -0.865997 0.413371 -0.281379
Tangent: -0.309016 -1.82132e-007 0.951057
UV1: 0.475 0.50047 
UV2: 0.475 0.594455 
UV3: 0.45 0.50047
MaterialIndex: -1

VertexIndicies: 23 34 33
Normal: -0.865997 0.413371 -0.281379
Tangent: -0.309017 -3.54146e-008 0.951057
UV1: 0.45 0.50047 
UV2: 0.475 0.594455 
UV3: 0.45 0.594455
MaterialIndex: -1

VertexIndicies: 24 25 34
Normal: -0.912614 0.272072 0.305144
Tangent: 0.317106 7.68388e-008 0.94839
UV1: 0.475 0.50047 
UV2: 0.5 0.50047 
UV3: 0.475 0.594455
MaterialIndex: -1

VertexIndicies: 34 25 35
Normal: -0.679172 0.697965 0.22709
Tangent: 0.317107 -8.21333e-008 0.94839
UV1: 0.475 0.594455 
UV2: 0.5 0.50047 
UV3: 0.5 0.594455
MaterialIndex: -1

VertexIndicies: 25 26 35
Normal: -0.82049 0.394188 0.414018
Tangent: 0.424028 -0.0660731 0.903236
UV1: 0.5 0.50047 
UV2: 0.525 0.50047 
UV3: 0.5 0.594455
MaterialIndex: -1

VertexIndicies: 35 26 36
Normal: -0.768834 0.552657 0.321659
Tangent: 0.430653 0.0756708 0.89934
UV1: 0.5 0.594455 
UV2: 0.525 0.50047 
UV3: 0.525 0.594455
MaterialIndex: -1

VertexIndicies: 69 64 65
Normal: 0.24021 0.26 0.935254
Tangent: 0.968564 6.75905e-007 -0.248765
UV1: 0.53125 0.547462 
UV2: 0.525 0.547462 
UV3: 0.53125 0.523966
MaterialIndex: -1

VertexIndicies: 65 64 66
Normal: 0.240213 0.260003 0.935252
Tangent: 0.968563 6.9333e-007 -0.248769
UV1: 0.53125 0.523966 
UV2: 0.525 0.547462 
UV3: 0.525 0.523966
MaterialIndex: -1

VertexIndicies: 28 38 27
Normal: 0.787803 0.465046 0.403855
Tangent: 0.424027 0.0660728 -0.903236
UV1: 0.575 0.50047 
UV2: 0.575 0.594455 
UV3: 0.55 0.50047
MaterialIndex: -1

VertexIndicies: 27 38 37
Normal: 0.847464 0.38641 0.363996
Tangent: 0.379794 0.0377309 -0.924301
UV1: 0.55 0.50047 
UV2: 0.575 0.594455 
UV3: 0.55 0.594455
MaterialIndex: -1

VertexIndicies: 29 39 28
Normal: 0.812426 0.479585 0.331606
Tangent: 0.377901 -1.45448e-007 -0.925846
UV1: 0.6 0.50047 
UV2: 0.6 0.594455 
UV3: 0.575 0.50047
MaterialIndex: -1

VertexIndicies: 28 39 38
Normal: 0.812425 0.479585 0.331606
Tangent: 0.377901 6.2807e-008 -0.925846
UV1: 0.575 0.50047 
UV2: 0.6 0.594455 
UV3: 0.575 0.594455
MaterialIndex: -1

VertexIndicies: 29 20 39
Normal: 0.901725 0.317885 -0.292988
Tangent: -0.309017 9.33738e-008 -0.951057
UV1: 0.6 0.50047 
UV2: 0.625 0.50047 
UV3: 0.6 0.594455
MaterialIndex: -1

VertexIndicies: 39 20 30
Normal: 0.534902 0.78431 -0.314225
Tangent: -0.514089 0.00697974 -0.857708
UV1: 0.6 0.594455 
UV2: 0.625 0.50047 
UV3: 0.625 0.594455
MaterialIndex: -1

VertexIndicies: 31 41 30
Normal: -0.479061 -0.100861 -0.871967
Tangent: -0.876654 0.00463951 0.481099
UV1: 0.4 0.594455 
UV2: 0.4 0.68844 
UV3: 0.375 0.594455
MaterialIndex: -1

VertexIndicies: 30 41 40
Normal: -0.0255432 -0.48746 -0.872772
Tangent: -0.980739 0.181338 -0.0725776
UV1: 0.375 0.594455 
UV2: 0.4 0.68844 
UV3: 0.375 0.68844
MaterialIndex: -1

VertexIndicies: 31 32 41
Normal: -2.59701e-007 0.584847 -0.811143
Tangent: -1 -4.8666e-008 2.85077e-007
UV1: 0.4 0.594455 
UV2: 0.425 0.594455 
UV3: 0.4 0.68844
MaterialIndex: -1

VertexIndicies: 41 32 42
Normal: -1.52567e-007 -0.681015 -0.732269
Tangent: -1 4.29635e-008 1.68392e-007
UV1: 0.4 0.68844 
UV2: 0.425 0.594455 
UV3: 0.425 0.68844
MaterialIndex: -1

VertexIndicies: 32 33 42
Normal: 0.510313 -0.0649465 -0.857533
Tangent: -0.859448 -0.00317365 -0.511213
UV1: 0.425 0.594455 
UV2: 0.45 0.594455 
UV3: 0.425 0.68844
MaterialIndex: -1

VertexIndicies: 42 33 43
Normal: -0.56013 0.0887891 -0.823633
Tangent: -0.748656 -0.479889 0.457407
UV1: 0.425 0.68844 
UV2: 0.45 0.594455 
UV3: 0.45 0.68844
MaterialIndex: -1

VertexIndicies: 33 34 43
Normal: -0.541887 0.821801 -0.17607
Tangent: -0.309017 1.81044e-007 0.951056
UV1: 0.45 0.594455 
UV2: 0.475 0.594455 
UV3: 0.45 0.68844
MaterialIndex: -1

VertexIndicies: 43 34 44
Normal: -0.492642 0.671492 -0.553537
Tangent: -0.74948 -0.00413341 0.662014
UV1: 0.45 0.68844 
UV2: 0.475 0.594455 
UV3: 0.475 0.68844
MaterialIndex: -1

VertexIndicies: 34 35 44
Normal: -0.679172 0.697965 0.22709
Tangent: 0.317107 -8.21333e-008 0.94839
UV1: 0.475 0.594455 
UV2: 0.5 0.594455 
UV3: 0.475 0.68844
MaterialIndex: -1

VertexIndicies: 44 35 45
Normal: -0.774432 0.577238 0.258942
Tangent: 0.317107 -1.3857e-007 0.94839
UV1: 0.475 0.68844 
UV2: 0.5 0.594455 
UV3: 0.5 0.68844
MaterialIndex: -1

VertexIndicies: 36 46 35
Normal: -0.85961 0.444316 0.252298
Tangent: 0.325202 0.0949044 0.94087
UV1: 0.525 0.594455 
UV2: 0.525 0.68844 
UV3: 0.5 0.594455
MaterialIndex: -1

VertexIndicies: 35 46 45
Normal: -0.768834 0.552657 0.321659
Tangent: 0.430653 0.0756708 0.89934
UV1: 0.5 0.594455 
UV2: 0.525 0.68844 
UV3: 0.5 0.68844
MaterialIndex: -1

VertexIndicies: 36 37 46
Normal: 0 0.997053 0.0767182
Tangent: 0.741588 -0.0514668 0.668878
UV1: 0.525 0.594455 
UV2: 0.55 0.594455 
UV3: 0.525 0.68844
MaterialIndex: -1

VertexIndicies: 46 37 47
Normal: 0 0.987894 0.155128
Tangent: 1 0 0
UV1: 0.525 0.68844 
UV2: 0.55 0.594455 
UV3: 0.55 0.68844
MaterialIndex: -1

VertexIndicies: 37 38 47
Normal: 0.884513 0.411144 0.220445
Tangent: 0.282609 -0.0962683 -0.954392
UV1: 0.55 0.594455 
UV2: 0.575 0.594455 
UV3: 0.55 0.68844
MaterialIndex: -1

VertexIndicies: 47 38 48
Normal: 0.695224 0.693792 0.187925
Tangent: 0.398809 -0.154803 -0.903873
UV1: 0.55 0.68844 
UV2: 0.575 0.594455 
UV3: 0.575 0.68844
MaterialIndex: -1

VertexIndicies: 39 49 38
Normal: 0.581131 0.778475 0.237199
Tangent: 0.377901 1.28779e-007 -0.925846
UV1: 0.6 0.594455 
UV2: 0.6 0.68844 
UV3: 0.575 0.594455
MaterialIndex: -1

VertexIndicies: 38 49 48
Normal: 0.656364 0.705274 0.267907
Tangent: 0.377901 4.53715e-008 -0.925846
UV1: 0.575 0.594455 
UV2: 0.6 0.68844 
UV3: 0.575 0.68844
MaterialIndex: -1

VertexIndicies: 30 40 39
Normal: 0.505601 0.846983 -0.16428
Tangent: -0.309017 -2.76431e-007 -0.951056
UV1: 0.625 0.594455 
UV2: 0.625 0.68844 
UV3: 0.6 0.594455
MaterialIndex: -1

VertexIndicies: 39 40 49
Normal: 0.534902 0.78431 -0.314225
Tangent: -0.514089 0.00697974 -0.857708
UV1: 0.6 0.594455 
UV2: 0.625 0.68844 
UV3: 0.6 0.68844
MaterialIndex: -1

VertexIndicies: 1 0 50
Normal: 0 -1 4.92079e-007
Tangent: 0.985091 -8.46538e-008 -0.172033
UV1: 0.548284 0.0076474 
UV2: 0.626409 0.0644085 
UV3: 0.5 0.15
MaterialIndex: -1

VertexIndicies: 2 1 50
Normal: 0 -1 1.78238e-007
Tangent: 0.981879 3.37779e-008 0.18951
UV1: 0.451716 0.00764741 
UV2: 0.548284 0.0076474 
UV3: 0.5 0.15
MaterialIndex: -1

VertexIndicies: 3 2 50
Normal: -0.000729991 -0.999999 0.00133024
Tangent: 0.978542 -0.000440237 0.206047
UV1: 0.373591 0.0644086 
UV2: 0.451716 0.00764741 
UV3: 0.5 0.15
MaterialIndex: -1

VertexIndicies: 4 3 50
Normal: -0.00145999 -0.999999 0.000894246
Tangent: 0.998509 -0.00140901 0.0545676
UV1: 0.34375 0.15625 
UV2: 0.373591 0.0644086 
UV3: 0.5 0.15
MaterialIndex: -1

VertexIndicies: 5 4 50
Normal: -0.000729993 -1 -0.000436035
Tangent: 0.986053 -0.000647241 -0.166433
UV1: 0.373591 0.248091 
UV2: 0.34375 0.15625 
UV3: 0.5 0.15
MaterialIndex: -1

VertexIndicies: 6 5 50
Normal: 0 -1 3.6436e-008
Tangent: 0.979074 -7.41486e-009 -0.203504
UV1: 0.451716 0.304853 
UV2: 0.373591 0.248091 
UV3: 0.5 0.15
MaterialIndex: -1

VertexIndicies: 7 6 50
Normal: 0 -1 1.68214e-007
Tangent: 0.979074 3.42321e-008 0.203504
UV1: 0.548284 0.304853 
UV2: 0.451716 0.304853 
UV3: 0.5 0.15
MaterialIndex: -1

VertexIndicies: 8 7 50
Normal: 0.000335263 -1 -0.000200095
Tangent: 0.985569 0.000296555 0.169272
UV1: 0.626409 0.248091 
UV2: 0.548284 0.304853 
UV3: 0.5 0.15
MaterialIndex: -1

VertexIndicies: 9 8 50
Normal: 0.000670527 -1 0.000467648
Tangent: 0.998727 0.000646084 -0.0504417
UV1: 0.65625 0.15625 
UV2: 0.626409 0.248091 
UV3: 0.5 0.15
MaterialIndex: -1

VertexIndicies: 0 9 50
Normal: 0.000335263 -1 0.000668145
Tangent: 0.982284 0.000204116 -0.187396
UV1: 0.626409 0.0644085 
UV2: 0.65625 0.15625 
UV3: 0.5 0.15
MaterialIndex: -1

VertexIndicies: 40 41 51
Normal: 0.27587 0.877107 0.393165
Tangent: 0.952901 -0.303182 0.00774769
UV1: 0.626409 0.935591 
UV2: 0.548284 0.992353 
UV3: 0.5 0.8375
MaterialIndex: -1

VertexIndicies: 41 42 51
Normal: 0.196525 0.868407 0.455244
Tangent: 0.934111 -0.306945 0.182269
UV1: 0.548284 0.992353 
UV2: 0.451716 0.992353 
UV3: 0.5 0.8375
MaterialIndex: -1

VertexIndicies: 42 43 51
Normal: -0.215778 0.867691 0.44783
Tangent: 0.918387 0.33613 -0.208761
UV1: 0.451716 0.992353 
UV2: 0.373591 0.935591 
UV3: 0.5 0.8375
MaterialIndex: -1

VertexIndicies: 43 44 51
Normal: -0.288516 0.884141 0.367496
Tangent: 0.946056 0.322341 -0.0327699
UV1: 0.373591 0.935591 
UV2: 0.34375 0.84375 
UV3: 0.5 0.8375
MaterialIndex: -1

VertexIndicies: 44 45 51
Normal: -0.101987 0.98764 0.119024
Tangent: 0.932758 0.0533525 0.356534
UV1: 0.34375 0.84375 
UV2: 0.373591 0.751909 
UV3: 0.5 0.8375
MaterialIndex: -1

VertexIndicies: 45 46 51
Normal: -0.139582 0.989696 -0.0319202
Tangent: 0.990201 0.139648 -0.0001696
UV1: 0.373591 0.751909 
UV2: 0.451716 0.695147 
UV3: 0.5 0.8375
MaterialIndex: -1

VertexIndicies: 46 47 51
Normal: -0.109766 0.992276 -0.0577943
Tangent: 0.980522 0.0985713 -0.169887
UV1: 0.451716 0.695147 
UV2: 0.548284 0.695147 
UV3: 0.5 0.8375
MaterialIndex: -1

VertexIndicies: 47 48 51
Normal: 0.139432 0.988104 -0.0648808
Tangent: 0.972458 -0.124277 0.19718
UV1: 0.548284 0.695147 
UV2: 0.626409 0.751909 
UV3: 0.5 0.8375
MaterialIndex: -1

VertexIndicies: 48 49 51
Normal: 0.17194 0.984467 -0.0355074
Tangent: 0.984785 -0.170851 0.0317575
UV1: 0.626409 0.751909 
UV2: 0.65625 0.84375 
UV3: 0.5 0.8375
MaterialIndex: -1

VertexIndicies: 49 40 51
Normal: 0.112252 0.983598 0.141192
Tangent: 0.936086 -0.0570012 -0.347123
UV1: 0.65625 0.84375 
UV2: 0.626409 0.935591 
UV3: 0.5 0.8375
MaterialIndex: -1

VertexIndicies: 27 53 26
Normal: 0 -0.999229 0.0392637
Tangent: -0.0279807 0.0392483 0.998838
UV1: 0.55 0.50047 
UV2: 0.55 0.50047 
UV3: 0.525 0.50047
MaterialIndex: -1

VertexIndicies: 26 53 52
Normal: 0 -0.999229 0.0392638
Tangent: 0.801161 0.0234974 0.597987
UV1: 0.525 0.50047 
UV2: 0.55 0.50047 
UV3: 0.525 0.50047
MaterialIndex: -1

VertexIndicies: 37 54 27
Normal: 0.994306 0 0.106564
Tangent: -0.106563 0.00215714 0.994304
UV1: 0.55 0.594455 
UV2: 0.55 0.594455 
UV3: 0.55 0.50047
MaterialIndex: -1

VertexIndicies: 27 54 53
Normal: 0.954656 0.29231 0.0564562
Tangent: -0.260572 0.728679 0.633347
UV1: 0.55 0.50047 
UV2: 0.55 0.594455 
UV3: 0.55 0.50047
MaterialIndex: -1

VertexIndicies: 36 55 37
Normal: 0 0.997053 0.0767182
Tangent: 0.741588 -0.0514668 0.668878
UV1: 0.525 0.594455 
UV2: 0.525 0.594455 
UV3: 0.55 0.594455
MaterialIndex: -1

VertexIndicies: 37 55 54
Normal: 0 0.997053 0.0767181
Tangent: 0.624798 -0.0599004 0.778485
UV1: 0.55 0.594455 
UV2: 0.525 0.594455 
UV3: 0.55 0.594455
MaterialIndex: -1

VertexIndicies: 36 26 55
Normal: -0.995028 0 0.099598
Tangent: 0 -1 0
UV1: 0.525 0.594455 
UV2: 0.525 0.50047 
UV3: 0.525 0.594455
MaterialIndex: -1

VertexIndicies: 55 26 52
Normal: -0.979619 0.148817 -0.134907
Tangent: 0.0876508 -0.287606 -0.95373
UV1: 0.525 0.594455 
UV2: 0.525 0.50047 
UV3: 0.525 0.50047
MaterialIndex: -1

VertexIndicies: 57 71 53
Normal: 0 -0.997691 -0.0679134
Tangent: -1 0 0
UV1: 0.55 0.50047 
UV2: 0.54375 0.50047 
UV3: 0.55 0.50047
MaterialIndex: -1

VertexIndicies: 56 52 67
Normal: 0 -0.997691 -0.0679135
Tangent: 0.0975964 0.0675893 -0.992928
UV1: 0.525 0.50047 
UV2: 0.525 0.50047 
UV3: 0.53125 0.50047
MaterialIndex: -1

VertexIndicies: 52 53 67
Normal: 0 -0.99948 -0.0322288
Tangent: 0 0 0
UV1: 0.525 0.50047 
UV2: 0.55 0.50047 
UV3: 0.53125 0.50047
MaterialIndex: -1

VertexIndicies: 67 53 61
Normal: 0 -0.997691 -0.0679134
Tangent: 0 0 0
UV1: 0.53125 0.50047 
UV2: 0.55 0.50047 
UV3: 0.5375 0.50047
MaterialIndex: -1

VertexIndicies: 53 71 61
Normal: 0 -0.99948 -0.0322288
Tangent: 0 0 0
UV1: 0.55 0.50047 
UV2: 0.54375 0.50047 
UV3: 0.5375 0.50047
MaterialIndex: -1

VertexIndicies: 57 53 72
Normal: 0.994229 -0.0287357 -0.10336
Tangent: -0.101235 0.0675644 -0.992566
UV1: 0.55 0.50047 
UV2: 0.55 0.50047 
UV3: 0.55 0.523966
MaterialIndex: -1

VertexIndicies: 53 54 72
Normal: 0.923144 0.37825 -0.0687913
Tangent: -0.336563 0.70862 -0.620148
UV1: 0.55 0.50047 
UV2: 0.55 0.594455 
UV3: 0.55 0.523966
MaterialIndex: -1

VertexIndicies: 72 54 62
Normal: 0.973546 0.15817 -0.164893
Tangent: -0.176761 0.0640593 -0.982167
UV1: 0.55 0.523966 
UV2: 0.55 0.594455 
UV3: 0.55 0.547462
MaterialIndex: -1

VertexIndicies: 62 54 75
Normal: 0.959319 -0.0756203 -0.272008
Tangent: -0.254988 -0.645661 -0.719794
UV1: 0.55 0.547462 
UV2: 0.55 0.594455 
UV3: 0.55 0.570959
MaterialIndex: -1

VertexIndicies: 54 58 75
Normal: 0.977339 0.156919 -0.142075
Tangent: 0.167731 -0.983516 0.0675531
UV1: 0.55 0.594455 
UV2: 0.55 0.594455 
UV3: 0.55 0.570959
MaterialIndex: -1

VertexIndicies: 54 55 58
Normal: 0 0.999802 -0.0198987
Tangent: -0.668364 -0.0148014 -0.743687
UV1: 0.55 0.594455 
UV2: 0.525 0.594455 
UV3: 0.55 0.594455
MaterialIndex: -1

VertexIndicies: 58 55 76
Normal: 0 0.999292 -0.0376214
Tangent: 0 0 0
UV1: 0.55 0.594455 
UV2: 0.525 0.594455 
UV3: 0.54375 0.594455
MaterialIndex: -1

VertexIndicies: 76 55 63
Normal: 0 0.999292 -0.0376209
Tangent: 0 0 0
UV1: 0.54375 0.594455 
UV2: 0.525 0.594455 
UV3: 0.5375 0.594455
MaterialIndex: -1

VertexIndicies: 63 55 79
Normal: 0 0.999292 -0.0376211
Tangent: 0 0 0
UV1: 0.5375 0.594455 
UV2: 0.525 0.594455 
UV3: 0.53125 0.594455
MaterialIndex: -1

VertexIndicies: 55 59 79
Normal: 0 0.999622 -0.0274957
Tangent: 0.855497 0.0142374 0.517611
UV1: 0.525 0.594455 
UV2: 0.525 0.594455 
UV3: 0.53125 0.594455
MaterialIndex: -1

VertexIndicies: 56 66 52
Normal: -0.994637 -0.0277039 -0.0996498
Tangent: -3.11848e-007 0.96346 -0.267851
UV1: 0.525 0.50047 
UV2: 0.525 0.523966 
UV3: 0.525 0.50047
MaterialIndex: -1

VertexIndicies: 52 66 55
Normal: -0.931008 0.358873 -0.0665858
Tangent: -0.319522 -0.713152 0.623955
UV1: 0.525 0.50047 
UV2: 0.525 0.523966 
UV3: 0.525 0.594455
MaterialIndex: -1

VertexIndicies: 66 64 55
Normal: -0.976082 0.150014 -0.15735
Tangent: -0.168054 -0.0614965 0.983858
UV1: 0.525 0.523966 
UV2: 0.525 0.547462 
UV3: 0.525 0.594455
MaterialIndex: -1

VertexIndicies: 64 80 55
Normal: -0.963384 -0.0718172 -0.258327
Tangent: -0.241881 0.648501 0.721761
UV1: 0.525 0.547462 
UV2: 0.525 0.570959 
UV3: 0.525 0.594455
MaterialIndex: -1

VertexIndicies: 55 80 59
Normal: -0.979619 0.148817 -0.134907
Tangent: 0.0876508 -0.287606 -0.95373
UV1: 0.525 0.594455 
UV2: 0.525 0.570959 
UV3: 0.525 0.594455
MaterialIndex: -1

VertexIndicies: 68 61 70
Normal: 1.29769e-006 0.643842 0.765159
Tangent: 1 -1.66826e-007 -1.5556e-006
UV1: 0.5375 0.523966 
UV2: 0.5375 0.50047 
UV3: 0.54375 0.523966
MaterialIndex: -1

VertexIndicies: 70 61 71
Normal: 6.48844e-007 0.64384 0.76516
Tangent: 1 -8.34112e-008 -7.77799e-007
UV1: 0.54375 0.523966 
UV2: 0.5375 0.50047 
UV3: 0.54375 0.50047
MaterialIndex: -1

VertexIndicies: 62 75 73
Normal: -0.240209 0.260008 0.935251
Tangent: 0.968564 -6.83118e-007 0.248765
UV1: 0.55 0.547462 
UV2: 0.55 0.570959 
UV3: 0.54375 0.547462
MaterialIndex: -1

VertexIndicies: 73 75 74
Normal: -0.240212 0.260008 0.935251
Tangent: 0.968563 6.52398e-007 0.248768
UV1: 0.54375 0.547462 
UV2: 0.55 0.570959 
UV3: 0.54375 0.570959
MaterialIndex: -1

VertexIndicies: 77 63 78
Normal: 0 -0.274464 0.961597
Tangent: 1 0 0
UV1: 0.5375 0.570959 
UV2: 0.5375 0.594455 
UV3: 0.53125 0.570959
MaterialIndex: -1

VertexIndicies: 78 63 79
Normal: 0 -0.274464 0.961597
Tangent: 1 0 0
UV1: 0.53125 0.570959 
UV2: 0.5375 0.594455 
UV3: 0.53125 0.594455
MaterialIndex: -1

VertexIndicies: 56 67 66
Normal: 0 0.267852 0.96346
Tangent: 1 0 0
UV1: 0.525 0.50047 
UV2: 0.53125 0.50047 
UV3: 0.525 0.523966
MaterialIndex: -1

VertexIndicies: 66 67 65
Normal: 0.0991185 0.462395 0.881117
Tangent: 0.993381 0.00568168 -0.114729
UV1: 0.525 0.523966 
UV2: 0.53125 0.50047 
UV3: 0.53125 0.523966
MaterialIndex: -1

VertexIndicies: 67 61 65
Normal: 0 0.643844 0.765157
Tangent: 1 0 0
UV1: 0.53125 0.50047 
UV2: 0.5375 0.50047 
UV3: 0.53125 0.523966
MaterialIndex: -1

VertexIndicies: 65 61 68
Normal: -2.94479e-006 0.643843 0.765158
Tangent: 1 4.3632e-007 3.48146e-006
UV1: 0.53125 0.523966 
UV2: 0.5375 0.50047 
UV3: 0.5375 0.523966
MaterialIndex: -1

VertexIndicies: 69 65 60
Normal: 0.97422 0.0604255 0.217359
Tangent: 0.211584 0.0896046 -0.973244
UV1: 0.53125 0.547462 
UV2: 0.53125 0.523966 
UV3: 0.5375 0.547462
MaterialIndex: -1

VertexIndicies: 68 60 65
Normal: 7.29826e-007 0.98313 0.182906
Tangent: 1 -1.57724e-006 4.48757e-006
UV1: 0.5375 0.523966 
UV2: 0.5375 0.547462 
UV3: 0.53125 0.523966
MaterialIndex: -1

VertexIndicies: 57 72 71
Normal: 0 0.267852 0.96346
Tangent: 1 0 0
UV1: 0.55 0.50047 
UV2: 0.55 0.523966 
UV3: 0.54375 0.50047
MaterialIndex: -1

VertexIndicies: 71 72 70
Normal: -0.0991158 0.462392 0.881118
Tangent: 0.993381 -0.00568214 0.114726
UV1: 0.54375 0.50047 
UV2: 0.55 0.523966 
UV3: 0.54375 0.523966
MaterialIndex: -1

VertexIndicies: 72 62 70
Normal: -0.240212 0.260007 0.935251
Tangent: 0.968563 -1.0487e-006 0.248768
UV1: 0.55 0.523966 
UV2: 0.55 0.547462 
UV3: 0.54375 0.523966
MaterialIndex: -1

VertexIndicies: 70 62 73
Normal: -0.240213 0.260008 0.93525
Tangent: 0.968563 -1.57624e-007 0.248769
UV1: 0.54375 0.523966 
UV2: 0.55 0.547462 
UV3: 0.54375 0.547462
MaterialIndex: -1

VertexIndicies: 73 60 70
Normal: -0.974219 0.0604279 0.217359
Tangent: 0.211584 -0.0896046 0.973244
UV1: 0.54375 0.547462 
UV2: 0.5375 0.547462 
UV3: 0.54375 0.523966
MaterialIndex: -1

VertexIndicies: 60 68 70
Normal: -0.657068 0.703834 0.269961
Tangent: 0.61569 0.294433 0.730914
UV1: 0.5375 0.547462 
UV2: 0.5375 0.523966 
UV3: 0.54375 0.523966
MaterialIndex: -1

VertexIndicies: 75 58 74
Normal: -0.240209 0.260008 0.935251
Tangent: 0.968564 4.22544e-007 0.248765
UV1: 0.55 0.570959 
UV2: 0.55 0.594455 
UV3: 0.54375 0.570959
MaterialIndex: -1

VertexIndicies: 74 58 76
Normal: -0.125629 -0.00756051 0.992048
Tangent: 0.992077 -1.44527e-006 0.125633
UV1: 0.54375 0.570959 
UV2: 0.55 0.594455 
UV3: 0.54375 0.594455
MaterialIndex: -1

VertexIndicies: 76 63 74
Normal: 0 -0.274464 0.961597
Tangent: 1 0 0
UV1: 0.54375 0.594455 
UV2: 0.5375 0.594455 
UV3: 0.54375 0.570959
MaterialIndex: -1

VertexIndicies: 74 63 77
Normal: 0 -0.274464 0.961597
Tangent: 1 -5.78195e-007 -1.65031e-007
UV1: 0.54375 0.570959 
UV2: 0.5375 0.594455 
UV3: 0.5375 0.570959
MaterialIndex: -1

VertexIndicies: 73 74 60
Normal: -0.97422 0.060428 0.217358
Tangent: 0.211583 -0.0896046 0.973244
UV1: 0.54375 0.547462 
UV2: 0.54375 0.570959 
UV3: 0.5375 0.547462
MaterialIndex: -1

VertexIndicies: 77 60 74
Normal: 0 -0.999974 0.00723297
Tangent: 1 -8.20762e-008 -1.13472e-005
UV1: 0.5375 0.570959 
UV2: 0.5375 0.547462 
UV3: 0.54375 0.570959
MaterialIndex: -1

VertexIndicies: 79 59 78
Normal: 0 -0.274464 0.961597
Tangent: 1 0 0
UV1: 0.53125 0.594455 
UV2: 0.525 0.594455 
UV3: 0.53125 0.570959
MaterialIndex: -1

VertexIndicies: 78 59 80
Normal: 0.125629 -0.00756046 0.992048
Tangent: 0.992077 2.00869e-006 -0.125633
UV1: 0.53125 0.570959 
UV2: 0.525 0.594455 
UV3: 0.525 0.570959
MaterialIndex: -1

VertexIndicies: 64 69 80
Normal: 0.240209 0.260008 0.935251
Tangent: 0.968564 6.75927e-007 -0.248765
UV1: 0.525 0.547462 
UV2: 0.53125 0.547462 
UV3: 0.525 0.570959
MaterialIndex: -1

VertexIndicies: 80 69 78
Normal: 0.240212 0.260009 0.935251
Tangent: 0.968563 -1.22242e-007 -0.248768
UV1: 0.525 0.570959 
UV2: 0.53125 0.547462 
UV3: 0.53125 0.570959
MaterialIndex: -1

VertexIndicies: 69 60 78
Normal: 0.97422 0.0604279 0.217358
Tangent: 0.211583 0.0896046 -0.973244
UV1: 0.53125 0.547462 
UV2: 0.5375 0.547462 
UV3: 0.53125 0.570959
MaterialIndex: -1

VertexIndicies: 60 77 78
Normal: 0.71009 -0.684817 0.1637
Tangent: 0.583278 0.441882 -0.681562
UV1: 0.5375 0.547462 
UV2: 0.5375 0.570959 
UV3: 0.53125 0.570959
MaterialIndex: -1


