NumberOfMeshes: 1
MeshName: pCubeShape1
NumberOfVertices: 150
-2.23256 4.63239 0.783493
-0.373 4.94958 0.995375
0.332126 4.94958 0.995375
2.18376 4.63239 0.783493
-2.13496 5.63252 0.646625
-0.863487 5.63252 1.04613
0.863487 5.63252 1.04613
2.08615 5.63252 0.646625
-2.59046 6.63264 0.302248
-0.863487 6.63264 1.29627
0.863487 6.63264 1.29627
2.59046 6.63264 0.302248
-2.59046 7.63277 0.635171
-0.863487 7.88802 1.60349
0.863487 7.88802 1.60349
2.59046 7.63277 0.635171
-2.59046 8.63289 1.38158
-0.863487 8.63289 0.575823
0.863487 8.63289 0.575823
2.59046 8.63289 1.38158
-7.16402 9.10676 3.46945e-018
-0.863487 8.63289 3.46945e-018
0.863487 8.63289 3.46945e-018
7.1119 9.09709 3.46945e-018
-2.59046 8.63289 -1.38158
-0.863487 8.63289 -0.837432
0.863487 8.63289 -0.837432
2.59046 8.63289 -1.38158
-2.59046 7.63277 -1.48114
-0.863487 7.63277 -1.48114
0.863487 7.63277 -1.48114
2.59046 7.63277 -1.48114
-2.59046 6.63264 -1.03449
-0.863487 6.63264 -1.03449
0.863487 6.63264 -1.03449
2.59046 6.63264 -1.03449
-2.13496 5.63252 -1.03449
-0.863487 5.63252 -1.25558
0.863487 5.63252 -1.25558
2.08615 5.63252 -1.03449
-2.23256 4.63239 -1.03449
-0.373 4.94958 -1.03449
0.332126 4.94958 -1.03449
2.18376 4.63239 -1.03449
-2.59046 4.63239 0
-0.373 4.63239 0
0.332126 4.63239 0
2.59046 4.63239 0
2.08615 5.63252 0
2.59046 6.63264 1.73472e-018
-2.13496 5.63252 0
-2.59046 6.63264 1.73472e-018
4.2659 6.63264 -0.749119
4.57441 6.63264 -1.73472e-018
3.6398 7.63277 -0.749119
3.94831 7.63277 -3.46945e-018
4.2659 6.63264 0.728634
3.6398 7.63277 0.728634
2.92772 8.26433 -0.749119
4.26705 8.26433 3.72529e-009
2.92772 8.26433 0.728634
-4.30955 6.63264 -0.749119
-4.64377 6.63264 5.86733e-008
-3.99263 7.63277 5.96046e-008
-3.65841 7.63277 -0.749119
-4.30955 6.63264 0.728635
-3.65841 7.63277 0.728635
-4.29536 8.29066 9.22009e-008
-2.84675 8.29066 -0.749119
-2.84675 8.29066 0.728635
0.863487 0.84063 -0.575156
2.59046 0.84063 -0.575156
2.59046 0.84063 -6.51926e-009
0.863487 0.84063 6.51926e-009
2.59046 -0.822275 0.989888
0.863487 -0.822275 0.989888
-2.59046 0.840269 -0.575156
-0.863487 0.840269 -0.575156
-0.863487 0.840269 -1.86265e-009
-2.59046 0.840269 1.86265e-009
-0.863487 -0.822635 0.989888
-2.59046 -0.822635 0.989888
-2.59046 0.840269 -0.575156
-0.863487 0.840269 -0.575156
-0.863487 0.840269 -1.86265e-009
-2.59046 0.840269 1.86265e-009
-0.863487 -0.822635 0.989888
-2.59046 -0.822635 0.989888
-2.2378 -1.66353 -1.03597
-1.43287 -1.66353 -1.03597
-0.863487 -1.66353 5.96046e-008
-2.90479 -1.66353 6.51926e-008
-0.863487 -1.66353 0.989888
-2.90479 -1.66353 0.989888
1.4166 -1.66317 -1.03597
2.25797 -1.66317 -1.03597
2.85989 -1.66317 3.53903e-008
0.863487 -1.66317 3.91155e-008
2.59046 -1.66317 0.989888
0.863487 -1.66317 0.989888
-1.07635 9.92035 0.994287
1.03772 9.92035 0.994287
1.41816 10.2841 5.58794e-009
-1.43949 10.2841 5.58794e-009
1.03772 9.92035 -1.03302
-1.07635 9.92035 -1.03302
-4.05262 5.78623 -0.542953
-4.05262 5.78623 2.8871e-008
-5.37101 5.78623 4.28408e-008
-5.37101 5.78623 -0.542953
-4.05262 5.78623 0.52732
-5.37101 5.78623 0.52732
3.95829 5.78623 -0.542953
3.95829 5.78623 1.73472e-018
5.23302 5.78623 -0.542953
5.23302 5.78623 -3.72529e-009
3.95829 5.78623 0.52732
5.23302 5.78623 0.527319
3.95829 4.4246 -0.542953
3.95829 4.4246 2.42144e-008
5.63372 4.4246 -0.542953
5.63372 4.4246 3.1665e-008
3.95829 4.4246 0.52732
5.63372 4.4246 0.527319
-4.05262 4.45191 -0.542953
-4.05262 4.45191 1.13621e-007
-5.77171 4.45191 1.36904e-007
-5.77171 4.45191 -0.542953
-4.05262 4.45191 0.52732
-5.77171 4.45191 0.52732
-4.05262 3.57819 -0.542953
-4.32413 3.31998 1.73226e-007
-5.42262 3.31998 1.96509e-007
-5.77171 3.57819 -0.542953
-4.05262 3.57819 0.52732
-5.77171 3.57819 0.52732
3.95829 3.6055 -0.542953
4.24919 3.32483 1.76951e-008
5.63372 3.6055 -0.542953
5.24585 3.32483 3.81842e-008
3.95829 3.6055 0.52732
5.63372 3.6055 0.527319
-2.15902 -1.19707 2.583
-1.0384 -1.19707 2.583
-2.59046 -1.66353 1.98536
-0.863487 -1.66353 1.98536
1.01507 -1.19671 2.583
2.1357 -1.19671 2.583
0.863487 -1.66317 1.98536
2.59046 -1.66317 1.98536

NumberOfPolygons: 296
VertexIndicies: 1 5 0
Normal: -0.0681005 -0.0677177 0.995378
Tangent: 0.99385 0.0827175 0.0736234
UV1: 0.458333 0 
UV2: 0.458333 0.0625 
UV3: 0.375 0
MaterialIndex: 2

VertexIndicies: 0 5 4
Normal: -0.12639 0.0169942 0.991835
Tangent: 0.98878 0.0824124 0.124589
UV1: 0.375 0 
UV2: 0.458333 0.0625 
UV3: 0.375 0.0625
MaterialIndex: 2

VertexIndicies: 1 2 5
Normal: -0.0681005 -0.0677177 0.995378
Tangent: 0.99385 0.0827175 0.0736234
UV1: 0.458333 0 
UV2: 0.541667 0 
UV3: 0.458333 0.0625
MaterialIndex: 2

VertexIndicies: 5 2 6
Normal: -0.114844 -0.102248 0.988107
Tangent: 0.992582 0.0281454 0.118276
UV1: 0.458333 0.0625 
UV2: 0.541667 0 
UV3: 0.541667 0.0625
MaterialIndex: 2

VertexIndicies: 2 3 6
Normal: 0.051091 -0.0703599 0.996212
Tangent: 0.996972 -0.0549547 -0.0550113
UV1: 0.541667 0 
UV2: 0.625 0 
UV3: 0.541667 0.0625
MaterialIndex: 2

VertexIndicies: 6 3 7
Normal: 0.118594 -0.131705 0.984169
Tangent: 0.991968 -0.0281858 -0.123306
UV1: 0.541667 0.0625 
UV2: 0.625 0 
UV3: 0.625 0.0625
MaterialIndex: 2

VertexIndicies: 5 9 4
Normal: -0.114844 -0.102248 0.988107
Tangent: 0.992582 0.0281454 0.118276
UV1: 0.458333 0.0625 
UV2: 0.458333 0.125 
UV3: 0.375 0.0625
MaterialIndex: 3

VertexIndicies: 4 9 8
Normal: -0.368855 -0.0010982 0.929486
Tangent: 0.929487 -5.24752e-007 0.368855
UV1: 0.375 0.0625 
UV2: 0.458333 0.125 
UV3: 0.375 0.125
MaterialIndex: 3

VertexIndicies: 5 6 9
Normal: -0.114844 -0.102248 0.988107
Tangent: 0.992582 0.0281454 0.118276
UV1: 0.458333 0.0625 
UV2: 0.541667 0.0625 
UV3: 0.458333 0.125
MaterialIndex: 3

VertexIndicies: 9 6 10
Normal: -0.2544 -0.202793 0.945598
Tangent: 0.964501 0.0184147 0.263435
UV1: 0.458333 0.125 
UV2: 0.541667 0.0625 
UV3: 0.541667 0.125
MaterialIndex: 3

VertexIndicies: 6 7 10
Normal: 0.118594 -0.131705 0.984169
Tangent: 0.991968 -0.0281858 -0.123306
UV1: 0.541667 0.0625 
UV2: 0.625 0.0625 
UV3: 0.541667 0.125
MaterialIndex: 3

VertexIndicies: 10 7 11
Normal: 0.255845 -0.205344 0.944657
Tangent: 0.964049 -0.0183651 -0.265089
UV1: 0.541667 0.125 
UV2: 0.625 0.0625 
UV3: 0.625 0.125
MaterialIndex: 3

VertexIndicies: 8 9 12
Normal: -0.0899167 -0.178667 0.979792
Tangent: 0.152645 0.969682 0.190832
UV1: 0.375 0.125 
UV2: 0.458333 0.125 
UV3: 0.375 0.1875
MaterialIndex: 3

VertexIndicies: 12 9 13
Normal: -0.338792 -0.332613 0.880107
Tangent: 0.475805 0.746427 0.46525
UV1: 0.375 0.1875 
UV2: 0.458333 0.125 
UV3: 0.458333 0.1875
MaterialIndex: 3

VertexIndicies: 9 10 13
Normal: -0.2544 -0.202793 0.945598
Tangent: 0.964501 0.0184147 0.263435
UV1: 0.458333 0.125 
UV2: 0.541667 0.125 
UV3: 0.458333 0.1875
MaterialIndex: 3

VertexIndicies: 13 10 14
Normal: -0.111293 0.0716458 0.991202
Tangent: 0.99301 0.0474652 0.108065
UV1: 0.458333 0.1875 
UV2: 0.541667 0.125 
UV3: 0.541667 0.1875
MaterialIndex: 3

VertexIndicies: 11 15 10
Normal: 0.0870932 -0.179834 0.979834
Tangent: 0.996122 0.028056 -0.0833917
UV1: 0.625 0.125 
UV2: 0.625 0.1875 
UV3: 0.541667 0.125
MaterialIndex: 3

VertexIndicies: 10 15 14
Normal: 0.255845 -0.205344 0.944657
Tangent: 0.964049 -0.0183651 -0.265089
UV1: 0.541667 0.125 
UV2: 0.625 0.1875 
UV3: 0.541667 0.1875
MaterialIndex: 3

VertexIndicies: 12 13 16
Normal: -0.338792 -0.332613 0.880107
Tangent: 0.475805 0.746427 0.46525
UV1: 0.375 0.1875 
UV2: 0.458333 0.1875 
UV3: 0.375 0.25
MaterialIndex: 3

VertexIndicies: 13 17 16
Normal: -0.111293 0.0716458 0.991202
Tangent: 0.99301 0.0474652 0.108065
UV1: 0.458333 0.1875 
UV2: 0.458333 0.25 
UV3: 0.375 0.25
MaterialIndex: 3

VertexIndicies: 13 14 17
Normal: -0.111293 0.0716458 0.991202
Tangent: 0.99301 0.0474652 0.108065
UV1: 0.458333 0.1875 
UV2: 0.541667 0.1875 
UV3: 0.458333 0.25
MaterialIndex: 3

VertexIndicies: 17 14 18
Normal: 0.0649994 0.438601 0.896328
Tangent: 0.988709 0.0932233 -0.117316
UV1: 0.458333 0.25 
UV2: 0.541667 0.1875 
UV3: 0.541667 0.25
MaterialIndex: 3

VertexIndicies: 15 19 14
Normal: 0.31445 -0.339779 0.886381
Tangent: 0.931 -0.0719448 -0.357858
UV1: 0.625 0.1875 
UV2: 0.625 0.25 
UV3: 0.541667 0.1875
MaterialIndex: 3

VertexIndicies: 14 19 18
Normal: 0.115633 0.303219 0.945879
Tangent: 0.993174 -0.0499488 -0.105402
UV1: 0.541667 0.1875 
UV2: 0.625 0.25 
UV3: 0.541667 0.25
MaterialIndex: 3

VertexIndicies: 21 20 17
Normal: 0.0499697 0.998264 -0.0311629
Tangent: 0.993776 -0.0465863 0.101187
UV1: 0.458333 0.375 
UV2: 0.375 0.375 
UV3: 0.458333 0.25
MaterialIndex: 3

VertexIndicies: 16 17 20
Normal: -0.314109 -0.465102 0.827657
Tangent: -0.730431 -0.438502 -0.523627
UV1: 0.375 0.25 
UV2: 0.458333 0.25 
UV3: 0.375 0.375
MaterialIndex: 3

VertexIndicies: 100 101 103
Normal: 0 0.93913 0.343563
Tangent: 1 0 0
UV1: 0.458333 0.25 
UV2: 0.541667 0.25 
UV3: 0.458333 0.375
MaterialIndex: -1

VertexIndicies: 103 101 102
Normal: 0 0.999982 0.00607485
Tangent: 1 0 0
UV1: 0.458333 0.375 
UV2: 0.541667 0.25 
UV3: 0.541667 0.375
MaterialIndex: -1

VertexIndicies: 22 18 23
Normal: -0.0493624 0.998306 -0.0307858
Tangent: 0.993802 0.0460192 -0.101187
UV1: 0.541667 0.375 
UV2: 0.541667 0.25 
UV3: 0.625 0.375
MaterialIndex: 3

VertexIndicies: 18 19 23
Normal: -0.0678818 0.995513 0.0659224
Tangent: 0.974627 0.0520416 0.2177
UV1: 0.541667 0.25 
UV2: 0.625 0.25 
UV3: 0.625 0.375
MaterialIndex: 3

VertexIndicies: 20 21 24
Normal: -0.195976 0.980154 0.0298709
Tangent: 0.970228 0.198232 -0.139147
UV1: 0.375 0.375 
UV2: 0.458333 0.375 
UV3: 0.375 0.5
MaterialIndex: 3

VertexIndicies: 24 21 25
Normal: -0.348103 0.288704 -0.891893
Tangent: 0.937277 0.125788 -0.325099
UV1: 0.375 0.5 
UV2: 0.458333 0.375 
UV3: 0.458333 0.5
MaterialIndex: 3

VertexIndicies: 102 104 103
Normal: 0 0.999982 0.00607485
Tangent: 1 0 0
UV1: 0.541667 0.375 
UV2: 0.541667 0.5 
UV3: 0.458333 0.375
MaterialIndex: -1

VertexIndicies: 103 104 105
Normal: 0 0.999982 0.00607485
Tangent: 1 0 0
UV1: 0.458333 0.375 
UV2: 0.541667 0.5 
UV3: 0.458333 0.5
MaterialIndex: -1

VertexIndicies: 23 27 22
Normal: 0.200915 0.979181 0.0289315
Tangent: 0.96921 -0.202987 0.139382
UV1: 0.625 0.375 
UV2: 0.625 0.5 
UV3: 0.541667 0.375
MaterialIndex: 3

VertexIndicies: 22 27 26
Normal: -0.0493624 0.998306 -0.0307858
Tangent: 0.993802 0.0460192 -0.101187
UV1: 0.541667 0.375 
UV2: 0.625 0.5 
UV3: 0.541667 0.5
MaterialIndex: 3

VertexIndicies: 25 29 24
Normal: 0.0688596 0.20541 -0.976251
Tangent: 0.854307 0.493206 0.164032
UV1: 0.458333 0.5 
UV2: 0.458333 0.5625 
UV3: 0.375 0.5
MaterialIndex: 3

VertexIndicies: 24 29 28
Normal: -0.286333 0.278402 -0.916791
Tangent: 0.956819 0.133122 -0.25841
UV1: 0.375 0.5 
UV2: 0.458333 0.5625 
UV3: 0.375 0.5625
MaterialIndex: 3

VertexIndicies: 25 26 29
Normal: 0.0688596 0.20541 -0.976251
Tangent: 0.854307 0.493206 0.164032
UV1: 0.458333 0.5 
UV2: 0.541667 0.5 
UV3: 0.458333 0.5625
MaterialIndex: 3

VertexIndicies: 29 26 30
Normal: 0.0409603 0.0769782 -0.996191
Tangent: 0.999155 0.000259945 0.0411022
UV1: 0.458333 0.5625 
UV2: 0.541667 0.5 
UV3: 0.541667 0.5625
MaterialIndex: 3

VertexIndicies: 26 27 30
Normal: -0.0676876 0.384644 -0.92058
Tangent: 0.995946 -0.0287433 -0.0852388
UV1: 0.541667 0.5 
UV2: 0.625 0.5 
UV3: 0.541667 0.5625
MaterialIndex: 3

VertexIndicies: 30 27 31
Normal: -0.0474772 -0.0111021 -0.998811
Tangent: 0.998872 4.79862e-005 -0.0474807
UV1: 0.541667 0.5625 
UV2: 0.625 0.5 
UV3: 0.625 0.5625
MaterialIndex: 3

VertexIndicies: 28 29 32
Normal: -0.460198 -0.0111213 -0.887746
Tangent: 0.887816 -0.00576474 -0.460162
UV1: 0.375 0.5625 
UV2: 0.458333 0.5625 
UV3: 0.375 0.625
MaterialIndex: 3

VertexIndicies: 32 29 33
Normal: -0.147928 -0.231934 -0.961418
Tangent: 0.988998 -0.034691 -0.143802
UV1: 0.375 0.625 
UV2: 0.458333 0.5625 
UV3: 0.458333 0.625
MaterialIndex: 3

VertexIndicies: 29 30 33
Normal: 0.0409603 0.0769782 -0.996191
Tangent: 0.999155 0.000259945 0.0411022
UV1: 0.458333 0.5625 
UV2: 0.541667 0.5625 
UV3: 0.458333 0.625
MaterialIndex: 3

VertexIndicies: 33 30 34
Normal: -0.0291818 -0.138539 -0.989927
Tangent: 0.999566 -8.57941e-005 -0.0294539
UV1: 0.458333 0.625 
UV2: 0.541667 0.5625 
UV3: 0.541667 0.625
MaterialIndex: 3

VertexIndicies: 30 31 34
Normal: -0.0474772 -0.0111021 -0.998811
Tangent: 0.998872 4.79862e-005 -0.0474807
UV1: 0.541667 0.5625 
UV2: 0.625 0.5625 
UV3: 0.541667 0.625
MaterialIndex: 3

VertexIndicies: 34 31 35
Normal: 0.0260247 -0.0866727 -0.995897
Tangent: 0.999659 3.50258e-005 0.02612
UV1: 0.541667 0.625 
UV2: 0.625 0.5625 
UV3: 0.625 0.625
MaterialIndex: 3

VertexIndicies: 32 33 36
Normal: -0.147928 -0.231934 -0.961418
Tangent: 0.988998 -0.034691 -0.143802
UV1: 0.375 0.625 
UV2: 0.458333 0.625 
UV3: 0.375 0.6875
MaterialIndex: 3

VertexIndicies: 36 33 37
Normal: -0.113804 0.0771246 -0.990505
Tangent: 0.993464 -1.98906e-005 -0.114146
UV1: 0.375 0.6875 
UV2: 0.458333 0.625 
UV3: 0.458333 0.6875
MaterialIndex: 3

VertexIndicies: 33 34 37
Normal: -0.0291818 -0.138539 -0.989927
Tangent: 0.999566 -8.57941e-005 -0.0294539
UV1: 0.458333 0.625 
UV2: 0.541667 0.625 
UV3: 0.458333 0.6875
MaterialIndex: 3

VertexIndicies: 37 34 38
Normal: -0.0430313 -0.0341873 -0.998489
Tangent: 0.998742 0.0242798 -0.0438735
UV1: 0.458333 0.6875 
UV2: 0.541667 0.625 
UV3: 0.541667 0.6875
MaterialIndex: 3

VertexIndicies: 35 39 34
Normal: 0.180945 -0.195696 -0.963827
Tangent: 0.983493 0.0360046 0.177327
UV1: 0.625 0.625 
UV2: 0.625 0.6875 
UV3: 0.541667 0.625
MaterialIndex: 3

VertexIndicies: 34 39 38
Normal: 0.0260247 -0.0866727 -0.995897
Tangent: 0.999659 3.50258e-005 0.02612
UV1: 0.541667 0.625 
UV2: 0.625 0.6875 
UV3: 0.541667 0.6875
MaterialIndex: 3

VertexIndicies: 36 37 40
Normal: -0.113804 0.0771246 -0.990505
Tangent: 0.993464 -1.98906e-005 -0.114146
UV1: 0.375 0.6875 
UV2: 0.458333 0.6875 
UV3: 0.375 0.75
MaterialIndex: 2

VertexIndicies: 40 37 41
Normal: -0.0264289 -0.124564 -0.991859
Tangent: 0.984347 -0.176192 -0.00410133
UV1: 0.375 0.75 
UV2: 0.458333 0.6875 
UV3: 0.458333 0.75
MaterialIndex: 2

VertexIndicies: 38 42 37
Normal: 0.0629041 -0.0281894 -0.997621
Tangent: 0.997375 -0.0341447 0.0638533
UV1: 0.541667 0.6875 
UV2: 0.541667 0.75 
UV3: 0.458333 0.6875
MaterialIndex: 2

VertexIndicies: 37 42 41
Normal: -0.0430313 -0.0341873 -0.998489
Tangent: 0.998742 0.0242798 -0.0438735
UV1: 0.458333 0.6875 
UV2: 0.541667 0.75 
UV3: 0.458333 0.75
MaterialIndex: 2

VertexIndicies: 39 43 38
Normal: 0.118236 0.0772787 -0.989974
Tangent: 0.992943 1.94495e-005 0.118592
UV1: 0.625 0.6875 
UV2: 0.625 0.75 
UV3: 0.541667 0.6875
MaterialIndex: 2

VertexIndicies: 38 43 42
Normal: 0.0629041 -0.0281894 -0.997621
Tangent: 0.997375 -0.0341447 0.0638533
UV1: 0.541667 0.6875 
UV2: 0.625 0.75 
UV3: 0.541667 0.75
MaterialIndex: 2

VertexIndicies: 89 90 88
Normal: 0 -1 2.85912e-007
Tangent: 1 0 0
UV1: 0.458333 0.75 
UV2: 0.458333 0.875 
UV3: 0.375 0.75
MaterialIndex: 2

VertexIndicies: 88 90 91
Normal: 0 -1 1.42956e-007
Tangent: 1 0 0
UV1: 0.375 0.75 
UV2: 0.458333 0.875 
UV3: 0.375 0.875
MaterialIndex: 2

VertexIndicies: 41 42 45
Normal: 0 -0.95607 -0.29314
Tangent: 1 0 0
UV1: 0.458333 0.75 
UV2: 0.541667 0.75 
UV3: 0.458333 0.875
MaterialIndex: 2

VertexIndicies: 45 42 46
Normal: 0 -0.995168 -0.0981865
Tangent: 1 0 0
UV1: 0.458333 0.875 
UV2: 0.541667 0.75 
UV3: 0.541667 0.875
MaterialIndex: 2

VertexIndicies: 94 95 97
Normal: 0 -1 -1.36765e-007
Tangent: 1 0 0
UV1: 0.541667 0.75 
UV2: 0.625 0.75 
UV3: 0.541667 0.875
MaterialIndex: 2

VertexIndicies: 97 95 96
Normal: 0 -1 -3.41913e-008
Tangent: 1 3.19005e-017 -9.33001e-010
UV1: 0.541667 0.875 
UV2: 0.625 0.75 
UV3: 0.625 0.875
MaterialIndex: 2

VertexIndicies: 91 90 93
Normal: 0 -1 0
Tangent: 1 0 -1.36872e-009
UV1: 0.375 0.875 
UV2: 0.458333 0.875 
UV3: 0.375 1
MaterialIndex: 2

VertexIndicies: 93 90 92
Normal: 0 -1 -3.91095e-008
Tangent: 1 3.56865e-017 -9.12477e-010
UV1: 0.375 1 
UV2: 0.458333 0.875 
UV3: 0.458333 1
MaterialIndex: 2

VertexIndicies: 45 46 1
Normal: 0 -0.995168 -0.0981865
Tangent: 1 0 0
UV1: 0.458333 0.875 
UV2: 0.541667 0.875 
UV3: 0.458333 1
MaterialIndex: 2

VertexIndicies: 1 46 2
Normal: 0 -0.952795 0.303615
Tangent: 1 0 0
UV1: 0.458333 1 
UV2: 0.541667 0.875 
UV3: 0.541667 1
MaterialIndex: 2

VertexIndicies: 96 98 97
Normal: 0 -1 0
Tangent: 1 0 -1.866e-009
UV1: 0.625 0.875 
UV2: 0.625 1 
UV3: 0.541667 0.875
MaterialIndex: 2

VertexIndicies: 97 98 99
Normal: 0 -1 -3.41913e-008
Tangent: 1 3.19005e-017 -9.33001e-010
UV1: 0.541667 0.875 
UV2: 0.625 1 
UV3: 0.541667 1
MaterialIndex: 2

VertexIndicies: 47 43 48
Normal: 0.979992 0.194872 0.0404973
Tangent: 0.0417798 -0.00247387 -0.999124
UV1: 0.75 0 
UV2: 0.875 0 
UV3: 0.75 0.0625
MaterialIndex: 2

VertexIndicies: 48 43 39
Normal: 0.998597 -0.0510422 0.0141055
Tangent: 0.0141318 0.000153259 -0.9999
UV1: 0.75 0.0625 
UV2: 0.875 0 
UV3: 0.875 0.0625
MaterialIndex: 2

VertexIndicies: 47 48 3
Normal: 0.979992 0.194872 0.0404973
Tangent: 0.0417798 -0.00247387 -0.999124
UV1: 0.75 0 
UV2: 0.75 0.0625 
UV3: 0.625 0
MaterialIndex: 2

VertexIndicies: 3 48 7
Normal: 0.953035 0.15128 0.262373
Tangent: 0.264742 0.00462936 -0.964308
UV1: 0.625 0 
UV2: 0.75 0.0625 
UV3: 0.625 0.0625
MaterialIndex: 2

VertexIndicies: 48 39 49
Normal: 0.998597 -0.0510422 0.0141055
Tangent: 0.0141318 0.000153259 -0.9999
UV1: 0.75 0.0625 
UV2: 0.875 0.0625 
UV3: 0.75 0.125
MaterialIndex: 3

VertexIndicies: 49 39 35
Normal: 0.892905 -0.450245 0
Tangent: 0 0 -1
UV1: 0.75 0.125 
UV2: 0.875 0.0625 
UV3: 0.875 0.125
MaterialIndex: 3

VertexIndicies: 7 48 11
Normal: 0.982959 -0.183824 0
Tangent: 0 0 -1
UV1: 0.625 0.0625 
UV2: 0.75 0.0625 
UV3: 0.625 0.125
MaterialIndex: 3

VertexIndicies: 11 48 49
Normal: 0.892905 -0.450245 0
Tangent: 0 0 -1
UV1: 0.625 0.125 
UV2: 0.75 0.0625 
UV3: 0.75 0.125
MaterialIndex: 3

VertexIndicies: 53 52 55
Normal: 0.847602 0.530614 0.0043605
Tangent: 0.00507666 0.000108281 -0.999987
UV1: 0.75 0.125 
UV2: 0.875 0.125 
UV3: 0.75 0.1875
MaterialIndex: 3

VertexIndicies: 55 52 54
Normal: 0.972921 0.231086 0.00498458
Tangent: 0.00511122 5.07309e-005 -0.999987
UV1: 0.75 0.1875 
UV2: 0.875 0.125 
UV3: 0.875 0.1875
MaterialIndex: 3

VertexIndicies: 53 55 56
Normal: 0.847602 0.530614 0.0043605
Tangent: 0.00507666 0.000108281 -0.999987
UV1: 0.75 0.125 
UV2: 0.75 0.1875 
UV3: 0.625 0.125
MaterialIndex: 3

VertexIndicies: 56 55 57
Normal: 0.797788 0.49943 0.337793
Tangent: 0.389902 2.82162e-008 -0.920856
UV1: 0.625 0.125 
UV2: 0.75 0.1875 
UV3: 0.625 0.1875
MaterialIndex: 3

VertexIndicies: 55 54 59
Normal: 0.972921 0.231086 0.00498458
Tangent: 0.00511122 5.07309e-005 -0.999987
UV1: 0.75 0.1875 
UV2: 0.875 0.1875 
UV3: 0.75 0.25
MaterialIndex: 3

VertexIndicies: 59 54 58
Normal: 0.998988 0.0444579 0.00682117
Tangent: 0.00682168 0.000140688 -0.999977
UV1: 0.75 0.25 
UV2: 0.875 0.1875 
UV3: 0.875 0.25
MaterialIndex: 3

VertexIndicies: 55 59 57
Normal: 0.972921 0.231086 0.00498458
Tangent: 0.00511122 5.07309e-005 -0.999987
UV1: 0.75 0.1875 
UV2: 0.75 0.25 
UV3: 0.625 0.1875
MaterialIndex: 3

VertexIndicies: 57 59 60
Normal: 0.795293 0.213902 0.567234
Tangent: 0.581162 -0.00275353 -0.813783
UV1: 0.625 0.1875 
UV2: 0.75 0.25 
UV3: 0.625 0.25
MaterialIndex: 3

VertexIndicies: 44 50 40
Normal: -0.983259 0.178382 0.0371802
Tangent: 0.0381501 0.00200863 0.99927
UV1: 0.25 0 
UV2: 0.25 0.0625 
UV3: 0.125 0
MaterialIndex: 2

VertexIndicies: 40 50 36
Normal: -0.959083 0.18518 -0.214168
Tangent: -0.216097 0.00994784 0.976321
UV1: 0.125 0 
UV2: 0.25 0.0625 
UV3: 0.125 0.0625
MaterialIndex: 2

VertexIndicies: 44 0 50
Normal: -0.983259 0.178382 0.0371802
Tangent: 0.0381501 0.00200863 0.99927
UV1: 0.25 0 
UV2: 0.375 0 
UV3: 0.25 0.0625
MaterialIndex: 2

VertexIndicies: 50 0 4
Normal: -0.995601 -0.0930038 0.0113339
Tangent: 0.0114004 -0.000183693 0.999935
UV1: 0.25 0.0625 
UV2: 0.375 0 
UV3: 0.375 0.0625
MaterialIndex: 2

VertexIndicies: 36 50 32
Normal: -0.986411 -0.164295 0
Tangent: 0 0 1
UV1: 0.125 0.0625 
UV2: 0.25 0.0625 
UV3: 0.125 0.125
MaterialIndex: 3

VertexIndicies: 32 50 51
Normal: -0.910057 -0.414484 0
Tangent: 0 0 1
UV1: 0.125 0.125 
UV2: 0.25 0.0625 
UV3: 0.25 0.125
MaterialIndex: 3

VertexIndicies: 4 8 50
Normal: -0.986411 -0.164296 0
Tangent: 0 0 1
UV1: 0.375 0.0625 
UV2: 0.375 0.125 
UV3: 0.25 0.0625
MaterialIndex: 3

VertexIndicies: 50 8 51
Normal: -0.995601 -0.0930038 0.0113339
Tangent: 0.0114004 -0.000183693 0.999935
UV1: 0.25 0.0625 
UV2: 0.375 0.125 
UV3: 0.25 0.125
MaterialIndex: 3

VertexIndicies: 62 63 61
Normal: -0.838029 0.545606 0.00459525
Tangent: 0.00538948 -0.000144183 0.999985
UV1: 0.25 0.125 
UV2: 0.25 0.1875 
UV3: 0.125 0.125
MaterialIndex: 3

VertexIndicies: 61 63 64
Normal: -0.784965 0.511058 -0.350215
Tangent: -0.407441 5.57021e-008 0.913231
UV1: 0.125 0.125 
UV2: 0.25 0.1875 
UV3: 0.125 0.1875
MaterialIndex: 3

VertexIndicies: 62 65 63
Normal: -0.838029 0.545606 0.00459525
Tangent: 0.00538948 -0.000144183 0.999985
UV1: 0.25 0.125 
UV2: 0.375 0.125 
UV3: 0.25 0.1875
MaterialIndex: 3

VertexIndicies: 63 65 66
Normal: -0.967044 0.254553 0.00526254
Tangent: 0.0054236 -6.90784e-005 0.999985
UV1: 0.25 0.1875 
UV2: 0.375 0.125 
UV3: 0.375 0.1875
MaterialIndex: 3

VertexIndicies: 63 67 64
Normal: -0.967044 0.254553 0.00526254
Tangent: 0.0054236 -6.90784e-005 0.999985
UV1: 0.25 0.1875 
UV2: 0.25 0.25 
UV3: 0.125 0.1875
MaterialIndex: 3

VertexIndicies: 64 67 68
Normal: -0.780992 0.237665 -0.577552
Tangent: -0.595307 -0.0036727 0.80349
UV1: 0.125 0.1875 
UV2: 0.25 0.25 
UV3: 0.125 0.25
MaterialIndex: 3

VertexIndicies: 63 66 67
Normal: -0.967044 0.254553 0.00526254
Tangent: 0.0054236 -6.90784e-005 0.999985
UV1: 0.25 0.1875 
UV2: 0.375 0.1875 
UV3: 0.25 0.25
MaterialIndex: 3

VertexIndicies: 67 66 69
Normal: -0.996569 0.082458 0.00707254
Tangent: 0.0070652 -0.000380502 0.999975
UV1: 0.25 0.25 
UV2: 0.375 0.1875 
UV3: 0.375 0.25
MaterialIndex: 3

VertexIndicies: 137 136 139
Normal: 7.12066e-007 -0.999982 0.00600919
Tangent: 0.51312 -0.00515732 -0.858301
UV1: 0.75 0.125 
UV2: 0.875 0.125 
UV3: 0.75 0.125
MaterialIndex: 3

VertexIndicies: 139 136 138
Normal: 6.45338e-007 -0.999982 0.00600923
Tangent: -0.942612 0.00200581 0.333884
UV1: 0.75 0.125 
UV2: 0.875 0.125 
UV3: 0.875 0.125
MaterialIndex: 3

VertexIndicies: 31 54 35
Normal: 0.372834 -0.092438 -0.923282
Tangent: 0.692947 0.689487 0.21079
UV1: 0.875 0.1875 
UV2: 0.875 0.1875 
UV3: 0.875 0.125
MaterialIndex: 3

VertexIndicies: 35 54 52
Normal: 0.180945 -0.195696 -0.963827
Tangent: 0.7216 0.692291 -0.00509287
UV1: 0.875 0.125 
UV2: 0.875 0.1875 
UV3: 0.875 0.125
MaterialIndex: 3

VertexIndicies: 137 139 140
Normal: 7.12066e-007 -0.999982 0.00600919
Tangent: 0.51312 -0.00515732 -0.858301
UV1: 0.75 0.125 
UV2: 0.75 0.125 
UV3: 0.625 0.125
MaterialIndex: 3

VertexIndicies: 140 139 141
Normal: 5.58087e-007 -0.882751 0.469841
Tangent: 0.713719 -0.329092 -0.618308
UV1: 0.625 0.125 
UV2: 0.75 0.125 
UV3: 0.625 0.125
MaterialIndex: 3

VertexIndicies: 15 11 57
Normal: 0.31445 -0.339779 0.886381
Tangent: 0.931 -0.0719448 -0.357858
UV1: 0.625 0.1875 
UV2: 0.625 0.125 
UV3: 0.625 0.1875
MaterialIndex: 3

VertexIndicies: 57 11 56
Normal: -0.139743 -0.190309 0.971727
Tangent: -0.989785 -0.00115612 -0.142566
UV1: 0.625 0.1875 
UV2: 0.625 0.125 
UV3: 0.625 0.125
MaterialIndex: 3

VertexIndicies: 27 58 31
Normal: 0.260817 0.273531 -0.925827
Tangent: 0.913723 -0.379474 0.145293
UV1: 0.875 0.25 
UV2: 0.875 0.25 
UV3: 0.875 0.1875
MaterialIndex: 3

VertexIndicies: 31 58 54
Normal: 0.372834 -0.092438 -0.923282
Tangent: 0.692947 0.689487 0.21079
UV1: 0.875 0.1875 
UV2: 0.875 0.25 
UV3: 0.875 0.1875
MaterialIndex: 3

VertexIndicies: 23 59 27
Normal: 0.200915 0.979181 0.0289315
Tangent: -0.967093 0.193556 0.165125
UV1: 0.75 0.25 
UV2: 0.75 0.25 
UV3: 0.875 0.25
MaterialIndex: 3

VertexIndicies: 27 59 58
Normal: 0.364941 0.321877 -0.873621
Tangent: 0.92328 -0.00429392 0.384104
UV1: 0.875 0.25 
UV2: 0.75 0.25 
UV3: 0.875 0.25
MaterialIndex: 3

VertexIndicies: 23 19 59
Normal: 0.200915 0.979181 0.0289315
Tangent: -0.967093 0.193556 0.165125
UV1: 0.75 0.25 
UV2: 0.625 0.25 
UV3: 0.75 0.25
MaterialIndex: 3

VertexIndicies: 59 19 60
Normal: 0.342674 -0.939442 -0.00489585
Tangent: -0.874629 -0.317122 -0.366686
UV1: 0.75 0.25 
UV2: 0.625 0.25 
UV3: 0.625 0.25
MaterialIndex: 3

VertexIndicies: 19 15 60
Normal: 0.359574 -0.109621 0.926655
Tangent: 0.834364 -0.406857 -0.371893
UV1: 0.625 0.25 
UV2: 0.625 0.1875 
UV3: 0.625 0.25
MaterialIndex: 3

VertexIndicies: 60 15 57
Normal: 0.326565 -0.306696 0.894032
Tangent: -0.940789 -0.196488 0.27624
UV1: 0.625 0.25 
UV2: 0.625 0.1875 
UV3: 0.625 0.1875
MaterialIndex: 3

VertexIndicies: 131 132 130
Normal: 0 -0.999984 0.00571781
Tangent: -0.521169 0.00487998 0.853439
UV1: 0.25 0.125 
UV2: 0.25 0.125 
UV3: 0.125 0.125
MaterialIndex: 3

VertexIndicies: 130 132 133
Normal: 0 -0.903079 -0.429474
Tangent: -0.710858 -0.302064 0.635168
UV1: 0.125 0.125 
UV2: 0.25 0.125 
UV3: 0.125 0.125
MaterialIndex: 3

VertexIndicies: 28 32 64
Normal: -0.460198 -0.0111213 -0.887746
Tangent: -0.880723 -0.120425 0.458066
UV1: 0.125 0.1875 
UV2: 0.125 0.125 
UV3: 0.125 0.1875
MaterialIndex: 3

VertexIndicies: 64 32 61
Normal: -0.426467 0.122536 -0.896164
Tangent: 0.903054 0.00162365 -0.429524
UV1: 0.125 0.1875 
UV2: 0.125 0.125 
UV3: 0.125 0.125
MaterialIndex: 3

VertexIndicies: 131 134 132
Normal: 0 -0.999984 0.00571781
Tangent: -0.521169 0.00487998 0.853439
UV1: 0.25 0.125 
UV2: 0.375 0.125 
UV3: 0.25 0.125
MaterialIndex: 3

VertexIndicies: 132 134 135
Normal: 1.63923e-008 -0.999984 0.00571784
Tangent: 0.939282 -0.00196207 -0.343142
UV1: 0.25 0.125 
UV2: 0.375 0.125 
UV3: 0.375 0.125
MaterialIndex: 3

VertexIndicies: 12 66 8
Normal: -0.338792 -0.332613 0.880107
Tangent: 0.475805 0.746427 0.46525
UV1: 0.375 0.1875 
UV2: 0.375 0.1875 
UV3: 0.375 0.125
MaterialIndex: 3

VertexIndicies: 8 66 65
Normal: -0.0899167 -0.178667 0.979792
Tangent: 0.152645 0.969682 0.190832
UV1: 0.375 0.125 
UV2: 0.375 0.1875 
UV3: 0.375 0.125
MaterialIndex: 3

VertexIndicies: 20 24 67
Normal: -0.195976 0.980154 0.0298709
Tangent: 0.970119 0.198233 -0.139905
UV1: 0.25 0.25 
UV2: 0.125 0.25 
UV3: 0.25 0.25
MaterialIndex: 3

VertexIndicies: 67 24 68
Normal: -0.298032 -0.954546 -0.00438473
Tangent: 0.903648 -0.283615 0.320908
UV1: 0.25 0.25 
UV2: 0.125 0.25 
UV3: 0.125 0.25
MaterialIndex: 3

VertexIndicies: 24 28 68
Normal: -0.286333 0.278402 -0.916791
Tangent: -0.0542693 -0.960031 -0.274583
UV1: 0.125 0.25 
UV2: 0.125 0.1875 
UV3: 0.125 0.25
MaterialIndex: 3

VertexIndicies: 68 28 64
Normal: -0.758336 0.330055 -0.562129
Tangent: 0.536322 -0.174248 -0.825831
UV1: 0.125 0.25 
UV2: 0.125 0.1875 
UV3: 0.125 0.1875
MaterialIndex: 3

VertexIndicies: 16 69 12
Normal: -0.423336 -0.0775484 0.902648
Tangent: 0.833591 -0.423573 0.354559
UV1: 0.375 0.25 
UV2: 0.375 0.25 
UV3: 0.375 0.1875
MaterialIndex: 3

VertexIndicies: 12 69 66
Normal: -0.338792 -0.332613 0.880107
Tangent: 0.475805 0.746427 0.46525
UV1: 0.375 0.1875 
UV2: 0.375 0.25 
UV3: 0.375 0.1875
MaterialIndex: 3

VertexIndicies: 20 67 16
Normal: -0.195976 0.980154 0.0298709
Tangent: 0.970119 0.198233 -0.139905
UV1: 0.25 0.25 
UV2: 0.25 0.25 
UV3: 0.375 0.25
MaterialIndex: 3

VertexIndicies: 16 67 69
Normal: -0.314109 -0.465102 0.827657
Tangent: -0.730431 -0.438502 -0.523627
UV1: 0.375 0.25 
UV2: 0.25 0.25 
UV3: 0.375 0.25
MaterialIndex: 3

VertexIndicies: 42 43 70
Normal: -0.0166727 -0.251881 -0.967615
Tangent: 0.996494 -0.0835428 0.00457685
UV1: 0.541667 0.75 
UV2: 0.625 0.75 
UV3: 0.541667 0.75
MaterialIndex: 2

VertexIndicies: 70 43 71
Normal: -0.00654955 -0.0177824 -0.99982
Tangent: 0.52722 0.849526 -0.018563
UV1: 0.541667 0.75 
UV2: 0.625 0.75 
UV3: 0.625 0.75
MaterialIndex: 2

VertexIndicies: 43 47 71
Normal: 0.950482 0.198333 -0.239266
Tangent: 0.248943 -0.0250054 0.968195
UV1: 0.625 0.75 
UV2: 0.625 0.875 
UV3: 0.625 0.75
MaterialIndex: 2

VertexIndicies: 71 47 72
Normal: 0.974128 0.0360159 -0.22311
Tangent: 0.150776 0.631828 0.760302
UV1: 0.625 0.75 
UV2: 0.625 0.875 
UV3: 0.625 0.875
MaterialIndex: 2

VertexIndicies: 42 70 46
Normal: -0.990333 -0.132613 -0.0406604
Tangent: 0.127469 -0.985703 0.110191
UV1: 0.541667 0.75 
UV2: 0.541667 0.75 
UV3: 0.541667 0.875
MaterialIndex: 2

VertexIndicies: 46 70 73
Normal: -0.990603 -0.136762 0.0011739
Tangent: 0.113986 -0.830317 -0.54551
UV1: 0.541667 0.875 
UV2: 0.541667 0.75 
UV3: 0.541667 0.875
MaterialIndex: 2

VertexIndicies: 47 3 72
Normal: 0.979992 0.194872 0.0404973
Tangent: 0.161173 -0.896352 0.413008
UV1: 0.625 0.875 
UV2: 0.625 1 
UV3: 0.625 0.875
MaterialIndex: 2

VertexIndicies: 72 3 74
Normal: 0.9859 0.0591656 0.156527
Tangent: 0.122328 0.383442 -0.915428
UV1: 0.625 0.875 
UV2: 0.625 1 
UV3: 0.625 1
MaterialIndex: 2

VertexIndicies: 2 75 3
Normal: 0.051091 -0.0703599 0.996212
Tangent: 0.0881427 -0.993305 -0.0746749
UV1: 0.541667 1 
UV2: 0.541667 1 
UV3: 0.625 1
MaterialIndex: 2

VertexIndicies: 3 75 74
Normal: 0.129209 0.0161371 0.991486
Tangent: -0.827817 -0.548703 0.116811
UV1: 0.625 1 
UV2: 0.541667 1 
UV3: 0.625 1
MaterialIndex: 2

VertexIndicies: 46 73 2
Normal: -0.990603 -0.136762 0.0011739
Tangent: 0.113986 -0.830317 -0.54551
UV1: 0.541667 0.875 
UV2: 0.541667 0.875 
UV3: 0.541667 1
MaterialIndex: 2

VertexIndicies: 2 73 75
Normal: -0.991871 -0.115144 -0.0541729
Tangent: 0.121065 -0.722763 -0.680409
UV1: 0.541667 1 
UV2: 0.541667 0.875 
UV3: 0.541667 1
MaterialIndex: 2

VertexIndicies: 41 77 40
Normal: 0.0222713 -0.233648 -0.972066
Tangent: 0.913559 -0.390192 0.114718
UV1: 0.458333 0.75 
UV2: 0.458333 0.75 
UV3: 0.375 0.75
MaterialIndex: 2

VertexIndicies: 40 77 76
Normal: -0.0264289 -0.124564 -0.991859
Tangent: 0.984347 -0.176192 -0.00410133
UV1: 0.375 0.75 
UV2: 0.458333 0.75 
UV3: 0.375 0.75
MaterialIndex: 2

VertexIndicies: 41 45 77
Normal: 0.991747 -0.122576 -0.0375829
Tangent: 2.73158e-008 -0.293139 0.95607
UV1: 0.458333 0.75 
UV2: 0.458333 0.875 
UV3: 0.458333 0.75
MaterialIndex: 2

VertexIndicies: 77 45 78
Normal: 0.991922 -0.125448 -0.0187948
Tangent: 0.125807 0.991866 0.019332
UV1: 0.458333 0.75 
UV2: 0.458333 0.875 
UV3: 0.458333 0.875
MaterialIndex: 2

VertexIndicies: 40 76 44
Normal: -0.959083 0.18518 -0.214168
Tangent: -0.209106 -0.97328 0.0948714
UV1: 0.375 0.75 
UV2: 0.375 0.75 
UV3: 0.375 0.875
MaterialIndex: 2

VertexIndicies: 44 76 79
Normal: -0.983259 0.178382 0.0371802
Tangent: -0.172327 -0.844026 -0.507861
UV1: 0.375 0.875 
UV2: 0.375 0.75 
UV3: 0.375 0.875
MaterialIndex: 2

VertexIndicies: 45 1 78
Normal: 0.991978 -0.126405 0.00108685
Tangent: -0.114559 -0.895313 0.430454
UV1: 0.458333 0.875 
UV2: 0.458333 1 
UV3: 0.458333 0.875
MaterialIndex: 2

VertexIndicies: 78 1 80
Normal: 0.992949 -0.113749 -0.0333606
Tangent: 0.0941036 0.927537 -0.36169
UV1: 0.458333 0.875 
UV2: 0.458333 1 
UV3: 0.458333 1
MaterialIndex: 2

VertexIndicies: 1 0 80
Normal: -0.0681005 -0.0677177 0.995378
Tangent: -0.982393 -0.169422 -0.0787383
UV1: 0.458333 1 
UV2: 0.375 1 
UV3: 0.458333 1
MaterialIndex: 2

VertexIndicies: 80 0 81
Normal: -0.0574443 0.0233458 0.998076
Tangent: -0.0798317 0.996418 -0.0279017
UV1: 0.458333 1 
UV2: 0.375 1 
UV3: 0.375 1
MaterialIndex: 2

VertexIndicies: 44 79 0
Normal: -0.983259 0.178382 0.0371802
Tangent: -0.172327 -0.844026 -0.507861
UV1: 0.375 0.875 
UV2: 0.375 0.875 
UV3: 0.375 1
MaterialIndex: 2

VertexIndicies: 0 79 81
Normal: -0.961482 0.141362 0.235733
Tangent: -0.271108 -0.629108 -0.728508
UV1: 0.375 1 
UV2: 0.375 0.875 
UV3: 0.375 1
MaterialIndex: 2

VertexIndicies: 82 76 83
Normal: 0 0 0
Tangent: 0 0 0
UV1: 0.375 0.75 
UV2: 0.375 0.75 
UV3: 0.458333 0.75
MaterialIndex: 2

VertexIndicies: 76 77 83
Normal: 0 0 0
Tangent: 1 0 0
UV1: 0.375 0.75 
UV2: 0.458333 0.75 
UV3: 0.458333 0.75
MaterialIndex: 2

VertexIndicies: 83 77 84
Normal: 0 0 0
Tangent: 0 0 0
UV1: 0.458333 0.75 
UV2: 0.458333 0.75 
UV3: 0.458333 0.875
MaterialIndex: 2

VertexIndicies: 77 78 84
Normal: 0 0 0
Tangent: 0 0 1
UV1: 0.458333 0.75 
UV2: 0.458333 0.875 
UV3: 0.458333 0.875
MaterialIndex: 2

VertexIndicies: 85 79 82
Normal: 0 0 0
Tangent: 0 0 0
UV1: 0.375 0.875 
UV2: 0.375 0.875 
UV3: 0.375 0.75
MaterialIndex: 2

VertexIndicies: 79 76 82
Normal: 0 0 0
Tangent: 0 0 -1
UV1: 0.375 0.875 
UV2: 0.375 0.75 
UV3: 0.375 0.75
MaterialIndex: 2

VertexIndicies: 84 78 86
Normal: 0 0 0
Tangent: 0 0 0
UV1: 0.458333 0.875 
UV2: 0.458333 0.875 
UV3: 0.458333 1
MaterialIndex: 2

VertexIndicies: 78 80 86
Normal: 0 0 0
Tangent: 0 -0.859278 0.511508
UV1: 0.458333 0.875 
UV2: 0.458333 1 
UV3: 0.458333 1
MaterialIndex: 2

VertexIndicies: 86 80 87
Normal: 0 0 0
Tangent: 0 0 0
UV1: 0.458333 1 
UV2: 0.458333 1 
UV3: 0.375 1
MaterialIndex: 2

VertexIndicies: 80 81 87
Normal: 0 0 0
Tangent: -1 0 0
UV1: 0.458333 1 
UV2: 0.375 1 
UV3: 0.375 1
MaterialIndex: 2

VertexIndicies: 87 81 85
Normal: 0 0 0
Tangent: 0 0 0
UV1: 0.375 1 
UV2: 0.375 1 
UV3: 0.375 0.875
MaterialIndex: 2

VertexIndicies: 81 79 85
Normal: 0 0 0
Tangent: 0 0.859278 -0.511508
UV1: 0.375 1 
UV2: 0.375 0.875 
UV3: 0.375 0.875
MaterialIndex: 2

VertexIndicies: 83 89 82
Normal: 0 0.181005 -0.983482
Tangent: -0.218258 -0.959771 -0.176642
UV1: 0.458333 0.75 
UV2: 0.458333 0.75 
UV3: 0.375 0.75
MaterialIndex: 2

VertexIndicies: 82 89 88
Normal: 0 0.181005 -0.983482
Tangent: 0.840808 -0.532391 -0.0979842
UV1: 0.375 0.75 
UV2: 0.458333 0.75 
UV3: 0.375 0.75
MaterialIndex: 2

VertexIndicies: 84 90 83
Normal: 1 1.12817e-007 5.99864e-008
Tangent: 9.28635e-008 -0.964178 0.265256
UV1: 0.458333 0.875 
UV2: 0.458333 0.875 
UV3: 0.458333 0.75
MaterialIndex: 2

VertexIndicies: 83 90 89
Normal: 0.967224 -0.0568493 -0.24748
Tangent: 0.157447 -0.630377 0.760155
UV1: 0.458333 0.75 
UV2: 0.458333 0.875 
UV3: 0.458333 0.75
MaterialIndex: 2

VertexIndicies: 85 82 91
Normal: -0.986939 0.123902 0.102956
Tangent: -0.160314 -0.692531 -0.703349
UV1: 0.375 0.875 
UV2: 0.375 0.75 
UV3: 0.375 0.875
MaterialIndex: 2

VertexIndicies: 91 82 88
Normal: -0.984398 0.152062 -0.0885318
Tangent: 0.0886367 0.863188 0.497041
UV1: 0.375 0.875 
UV2: 0.375 0.75 
UV3: 0.375 0.75
MaterialIndex: 2

VertexIndicies: 84 86 90
Normal: 1 1.12817e-007 5.99864e-008
Tangent: 9.28635e-008 -0.964178 0.265256
UV1: 0.458333 0.875 
UV2: 0.458333 1 
UV3: 0.458333 0.875
MaterialIndex: 2

VertexIndicies: 90 86 92
Normal: 0.992045 -0.0281828 -0.122687
Tangent: 0.00621514 0.984393 -0.175872
UV1: 0.458333 0.875 
UV2: 0.458333 1 
UV3: 0.458333 1
MaterialIndex: 2

VertexIndicies: 143 142 145
Normal: 0 -0.788308 0.615281
Tangent: -1 0 0
UV1: 0.458333 1 
UV2: 0.375 1 
UV3: 0.458333 1
MaterialIndex: 2

VertexIndicies: 145 142 144
Normal: 2.83814e-007 -0.788308 0.615281
Tangent: -0.592405 0.495695 0.635093
UV1: 0.458333 1 
UV2: 0.375 1 
UV3: 0.375 1
MaterialIndex: 2

VertexIndicies: 85 91 87
Normal: -0.986939 0.123902 0.102956
Tangent: -0.160314 -0.692531 -0.703349
UV1: 0.375 0.875 
UV2: 0.375 0.875 
UV3: 0.375 1
MaterialIndex: 2

VertexIndicies: 87 91 93
Normal: -0.930701 0.302194 0.206094
Tangent: -0.356553 -0.875272 -0.326754
UV1: 0.375 1 
UV2: 0.375 0.875 
UV3: 0.375 1
MaterialIndex: 2

VertexIndicies: 70 71 94
Normal: -0.00654955 -0.0177824 -0.99982
Tangent: 0.52722 0.849526 -0.018563
UV1: 0.541667 0.75 
UV2: 0.625 0.75 
UV3: 0.541667 0.75
MaterialIndex: 2

VertexIndicies: 94 71 95
Normal: 0 0.181005 -0.983482
Tangent: 0.108834 0.97764 0.17993
UV1: 0.541667 0.75 
UV2: 0.625 0.75 
UV3: 0.625 0.75
MaterialIndex: 2

VertexIndicies: 72 96 71
Normal: 0.9859 0.0591656 0.156527
Tangent: 0.122328 0.383442 -0.915428
UV1: 0.625 0.875 
UV2: 0.625 0.875 
UV3: 0.625 0.75
MaterialIndex: 2

VertexIndicies: 71 96 95
Normal: 0.974128 0.0360159 -0.22311
Tangent: 0.150776 0.631828 0.760302
UV1: 0.625 0.75 
UV2: 0.625 0.875 
UV3: 0.625 0.75
MaterialIndex: 2

VertexIndicies: 73 70 97
Normal: -0.997031 -0.0738925 -0.0216505
Tangent: -0.0111618 0.416906 -0.908881
UV1: 0.541667 0.875 
UV2: 0.541667 0.75 
UV3: 0.541667 0.875
MaterialIndex: 2

VertexIndicies: 97 70 94
Normal: -0.992409 -0.0275332 -0.119859
Tangent: -0.0842941 0.861949 0.499938
UV1: 0.541667 0.875 
UV2: 0.541667 0.75 
UV3: 0.541667 0.75
MaterialIndex: 2

VertexIndicies: 72 74 96
Normal: 0.9859 0.0591656 0.156527
Tangent: 0.122328 0.383442 -0.915428
UV1: 0.625 0.875 
UV2: 0.625 1 
UV3: 0.625 0.875
MaterialIndex: 2

VertexIndicies: 96 74 98
Normal: 0.998619 0.0498861 -0.0164753
Tangent: -0.0519911 0.983464 -0.17348
UV1: 0.625 0.875 
UV2: 0.625 1 
UV3: 0.625 1
MaterialIndex: 2

VertexIndicies: 146 148 147
Normal: 0 -0.788309 0.61528
Tangent: -0.196068 -0.603337 -0.773008
UV1: 0.541667 1 
UV2: 0.541667 1 
UV3: 0.625 1
MaterialIndex: 2

VertexIndicies: 147 148 149
Normal: 0 -0.788309 0.61528
Tangent: -0.964115 -0.163347 -0.209283
UV1: 0.625 1 
UV2: 0.541667 1 
UV3: 0.625 1
MaterialIndex: 2

VertexIndicies: 73 97 75
Normal: -0.997031 -0.0738925 -0.0216505
Tangent: -0.0111618 0.416906 -0.908881
UV1: 0.541667 0.875 
UV2: 0.541667 0.875 
UV3: 0.541667 1
MaterialIndex: 2

VertexIndicies: 75 97 99
Normal: -0.99991 0.012578 -0.00459401
Tangent: -0.00466452 -0.648755 -0.760983
UV1: 0.541667 1 
UV2: 0.541667 0.875 
UV3: 0.541667 1
MaterialIndex: 2

VertexIndicies: 18 101 17
Normal: -0.106593 0.517232 0.849181
Tangent: 0.947593 0.311534 -0.070807
UV1: 0.541667 0.25 
UV2: 0.541667 0.25 
UV3: 0.458333 0.25
MaterialIndex: -1

VertexIndicies: 17 101 100
Normal: 0.0649994 0.438601 0.896328
Tangent: 0.988709 0.0932233 -0.117316
UV1: 0.458333 0.25 
UV2: 0.541667 0.25 
UV3: 0.458333 0.25
MaterialIndex: -1

VertexIndicies: 18 22 101
Normal: 0.990966 -0.13411 0
Tangent: 0 0 -1
UV1: 0.541667 0.25 
UV2: 0.541667 0.375 
UV3: 0.541667 0.25
MaterialIndex: -1

VertexIndicies: 101 22 102
Normal: 0.966992 -0.224271 0.120946
Tangent: -0.143911 -0.872409 -0.467111
UV1: 0.541667 0.25 
UV2: 0.541667 0.375 
UV3: 0.541667 0.375
MaterialIndex: -1

VertexIndicies: 17 100 21
Normal: -0.986606 -0.16312 0
Tangent: -0.155329 0.939482 0.305362
UV1: 0.458333 0.25 
UV2: 0.458333 0.25 
UV3: 0.458333 0.375
MaterialIndex: -1

VertexIndicies: 21 100 103
Normal: -0.969225 -0.24617 0.00198922
Tangent: -0.22925 0.905491 0.357115
UV1: 0.458333 0.375 
UV2: 0.458333 0.25 
UV3: 0.458333 0.375
MaterialIndex: -1

VertexIndicies: 26 104 22
Normal: 0.990966 -0.13411 0
Tangent: 0.132616 0.979924 -0.148866
UV1: 0.541667 0.5 
UV2: 0.541667 0.5 
UV3: 0.541667 0.375
MaterialIndex: -1

VertexIndicies: 22 104 102
Normal: 0.97413 -0.225978 0.00215912
Tangent: 0.211009 0.9061 -0.366685
UV1: 0.541667 0.375 
UV2: 0.541667 0.5 
UV3: 0.541667 0.375
MaterialIndex: -1

VertexIndicies: 26 25 104
Normal: -0.0676876 0.384644 -0.92058
Tangent: 0.995946 -0.0287433 -0.0852388
UV1: 0.541667 0.5 
UV2: 0.458333 0.5 
UV3: 0.541667 0.5
MaterialIndex: -1

VertexIndicies: 104 25 105
Normal: 0 -0.150192 -0.988657
Tangent: -0.524073 -0.842013 0.127915
UV1: 0.541667 0.5 
UV2: 0.458333 0.5 
UV3: 0.458333 0.5
MaterialIndex: -1

VertexIndicies: 25 21 105
Normal: -0.986606 -0.16312 0
Tangent: 0 0 1
UV1: 0.458333 0.5 
UV2: 0.458333 0.375 
UV3: 0.458333 0.5
MaterialIndex: -1

VertexIndicies: 105 21 103
Normal: -0.963702 -0.244807 -0.106526
Tangent: 0.183538 -0.897251 0.401566
UV1: 0.458333 0.5 
UV2: 0.458333 0.375 
UV3: 0.458333 0.375
MaterialIndex: -1

VertexIndicies: 32 51 106
Normal: 0.500992 -0.865452 0
Tangent: 0 0 1
UV1: 0.125 0.125 
UV2: 0.25 0.125 
UV3: 0.125 0.125
MaterialIndex: 3

VertexIndicies: 106 51 107
Normal: 0.500992 -0.865452 0
Tangent: 0.865368 0.500943 0.0139113
UV1: 0.125 0.125 
UV2: 0.25 0.125 
UV3: 0.25 0.125
MaterialIndex: 3

VertexIndicies: 61 109 62
Normal: -0.631071 0.722825 -0.281555
Tangent: -0.772995 -0.616391 0.150139
UV1: 0.125 0.125 
UV2: 0.125 0.125 
UV3: 0.25 0.125
MaterialIndex: 3

VertexIndicies: 62 109 108
Normal: -0.711004 0.703186 0.00187336
Tangent: -0.656676 -0.66302 -0.359418
UV1: 0.25 0.125 
UV2: 0.125 0.125 
UV3: 0.25 0.125
MaterialIndex: 3

VertexIndicies: 32 106 61
Normal: -0.147928 -0.231934 -0.961418
Tangent: -0.988799 0.0542022 0.139065
UV1: 0.125 0.125 
UV2: 0.125 0.125 
UV3: 0.125 0.125
MaterialIndex: 3

VertexIndicies: 61 106 109
Normal: -0.108656 -0.13888 -0.98433
Tangent: 0.992681 -0.0676642 -0.100031
UV1: 0.125 0.125 
UV2: 0.125 0.125 
UV3: 0.125 0.125
MaterialIndex: 3

VertexIndicies: 51 8 107
Normal: 0.500992 -0.865452 0
Tangent: -0.815445 -0.472043 0.335
UV1: 0.25 0.125 
UV2: 0.375 0.125 
UV3: 0.25 0.125
MaterialIndex: 3

VertexIndicies: 107 8 110
Normal: 0.500992 -0.865452 0
Tangent: 0.799297 0.462696 -0.383455
UV1: 0.25 0.125 
UV2: 0.375 0.125 
UV3: 0.375 0.125
MaterialIndex: 3

VertexIndicies: 8 65 110
Normal: -0.0899167 -0.178667 0.979792
Tangent: 0.152645 0.969682 0.190832
UV1: 0.375 0.125 
UV2: 0.375 0.125 
UV3: 0.375 0.125
MaterialIndex: 3

VertexIndicies: 110 65 111
Normal: 0.0801573 -0.130532 0.988198
Tangent: -0.275634 0.949829 0.147822
UV1: 0.375 0.125 
UV2: 0.375 0.125 
UV3: 0.375 0.125
MaterialIndex: 3

VertexIndicies: 65 62 111
Normal: -0.629772 0.721068 0.288874
Tangent: -0.416927 5.36144e-008 -0.90894
UV1: 0.375 0.125 
UV2: 0.25 0.125 
UV3: 0.375 0.125
MaterialIndex: 3

VertexIndicies: 111 62 108
Normal: -0.703407 0.695553 0.146368
Tangent: 0.681419 0.718473 -0.13952
UV1: 0.375 0.125 
UV2: 0.25 0.125 
UV3: 0.25 0.125
MaterialIndex: 3

VertexIndicies: 35 112 49
Normal: -0.526203 -0.850359 0
Tangent: 0.813236 -0.503231 0.292242
UV1: 0.875 0.125 
UV2: 0.875 0.125 
UV3: 0.75 0.125
MaterialIndex: 3

VertexIndicies: 49 112 113
Normal: -0.526203 -0.850359 0
Tangent: 0.703934 -0.435595 -0.561011
UV1: 0.75 0.125 
UV2: 0.875 0.125 
UV3: 0.75 0.125
MaterialIndex: 3

VertexIndicies: 35 52 112
Normal: 0.180945 -0.195696 -0.963827
Tangent: 0.7216 0.692291 -0.00509287
UV1: 0.875 0.125 
UV2: 0.875 0.125 
UV3: 0.875 0.125
MaterialIndex: 3

VertexIndicies: 112 52 114
Normal: 0.0541927 -0.176962 -0.982725
Tangent: 0.314843 0.936996 -0.151366
UV1: 0.875 0.125 
UV2: 0.875 0.125 
UV3: 0.875 0.125
MaterialIndex: 3

VertexIndicies: 52 53 114
Normal: 0.665779 0.693944 -0.27419
Tangent: 0.380805 -1.27636e-007 0.924656
UV1: 0.875 0.125 
UV2: 0.75 0.125 
UV3: 0.875 0.125
MaterialIndex: 3

VertexIndicies: 114 53 115
Normal: 0.736465 0.662086 -0.138785
Tangent: -0.645755 0.749189 0.147366
UV1: 0.875 0.125 
UV2: 0.75 0.125 
UV3: 0.75 0.125
MaterialIndex: 3

VertexIndicies: 49 113 11
Normal: -0.526203 -0.850359 0
Tangent: 0.703934 -0.435595 -0.561011
UV1: 0.75 0.125 
UV2: 0.75 0.125 
UV3: 0.625 0.125
MaterialIndex: 3

VertexIndicies: 11 113 116
Normal: -0.526203 -0.850359 0
Tangent: 0.542942 -0.335973 -0.769633
UV1: 0.625 0.125 
UV2: 0.75 0.125 
UV3: 0.625 0.125
MaterialIndex: 3

VertexIndicies: 56 117 53
Normal: 0.664477 0.692325 0.281348
Tangent: 0.743443 -0.650649 -0.154754
UV1: 0.625 0.125 
UV2: 0.625 0.125 
UV3: 0.75 0.125
MaterialIndex: 3

VertexIndicies: 53 117 115
Normal: 0.743717 0.668492 0.00183002
Tangent: 0.624757 -0.696029 0.353867
UV1: 0.75 0.125 
UV2: 0.625 0.125 
UV3: 0.75 0.125
MaterialIndex: 3

VertexIndicies: 11 116 56
Normal: 0.0870932 -0.179834 0.979834
Tangent: 0.996122 0.028056 -0.0833917
UV1: 0.625 0.125 
UV2: 0.625 0.125 
UV3: 0.625 0.125
MaterialIndex: 3

VertexIndicies: 56 116 117
Normal: -0.163881 -0.175805 0.970688
Tangent: -0.983379 -0.0488505 -0.174871
UV1: 0.625 0.125 
UV2: 0.625 0.125 
UV3: 0.625 0.125
MaterialIndex: 3

VertexIndicies: 113 112 119
Normal: -1 -5.71302e-007 0
Tangent: 5.4243e-007 -0.949463 -0.31388
UV1: 0.75 0.125 
UV2: 0.875 0.125 
UV3: 0.75 0.125
MaterialIndex: 3

VertexIndicies: 119 112 118
Normal: -0.997556 -0.0698598 -0.00135467
Tangent: 0.0627512 -0.887185 -0.457127
UV1: 0.75 0.125 
UV2: 0.875 0.125 
UV3: 0.875 0.125
MaterialIndex: 3

VertexIndicies: 112 114 118
Normal: 0.0541927 -0.176962 -0.982725
Tangent: 0.314843 0.936996 -0.151366
UV1: 0.875 0.125 
UV2: 0.875 0.125 
UV3: 0.875 0.125
MaterialIndex: 3

VertexIndicies: 118 114 120
Normal: 2.93869e-007 2.79181e-008 -1
Tangent: 0.697391 0.716691 2.24951e-007
UV1: 0.875 0.125 
UV2: 0.875 0.125 
UV3: 0.875 0.125
MaterialIndex: 3

VertexIndicies: 114 115 120
Normal: 0.959323 0.282311 0
Tangent: 0 0 1
UV1: 0.875 0.125 
UV2: 0.75 0.125 
UV3: 0.875 0.125
MaterialIndex: 3

VertexIndicies: 120 115 121
Normal: 0.981797 0.189932 0
Tangent: -0.155399 0.803288 0.574961
UV1: 0.875 0.125 
UV2: 0.75 0.125 
UV3: 0.75 0.125
MaterialIndex: 3

VertexIndicies: 116 113 122
Normal: -1 -6.64107e-007 0
Tangent: 0 0 -1
UV1: 0.625 0.125 
UV2: 0.75 0.125 
UV3: 0.625 0.125
MaterialIndex: 3

VertexIndicies: 122 113 119
Normal: -1 -4.42738e-007 0
Tangent: -3.61966e-007 0.817564 -0.575838
UV1: 0.625 0.125 
UV2: 0.75 0.125 
UV3: 0.75 0.125
MaterialIndex: 3

VertexIndicies: 115 117 121
Normal: 0.959323 0.282311 0
Tangent: 0.267905 -0.910369 0.315367
UV1: 0.75 0.125 
UV2: 0.625 0.125 
UV3: 0.75 0.125
MaterialIndex: 3

VertexIndicies: 121 117 123
Normal: 0.999249 0.0387219 -0.00160382
Tangent: 0.0357699 -0.905561 0.422704
UV1: 0.75 0.125 
UV2: 0.625 0.125 
UV3: 0.625 0.125
MaterialIndex: 3

VertexIndicies: 116 122 117
Normal: -0.0823414 -0.125046 0.988728
Tangent: 0.995622 -0.0543514 0.0760417
UV1: 0.625 0.125 
UV2: 0.625 0.125 
UV3: 0.625 0.125
MaterialIndex: 3

VertexIndicies: 117 122 123
Normal: 4.10613e-007 -0.0775994 0.996985
Tangent: -0.999646 -0.0265148 -0.00206335
UV1: 0.625 0.125 
UV2: 0.625 0.125 
UV3: 0.625 0.125
MaterialIndex: 3

VertexIndicies: 106 107 124
Normal: 1 0 0
Tangent: 0 0 1
UV1: 0.125 0.125 
UV2: 0.25 0.125 
UV3: 0.125 0.125
MaterialIndex: 3

VertexIndicies: 124 107 125
Normal: 1 -2.19394e-007 0
Tangent: 1.78484e-007 0.813532 0.58152
UV1: 0.125 0.125 
UV2: 0.25 0.125 
UV3: 0.25 0.125
MaterialIndex: 3

VertexIndicies: 108 109 126
Normal: -0.957746 0.287614 0
Tangent: -0.272815 -0.908467 -0.316637
UV1: 0.25 0.125 
UV2: 0.125 0.125 
UV3: 0.25 0.125
MaterialIndex: 3

VertexIndicies: 126 109 127
Normal: -0.998736 0.0502364 -0.0015577
Tangent: -0.0443248 -0.894971 -0.443917
UV1: 0.25 0.125 
UV2: 0.125 0.125 
UV3: 0.125 0.125
MaterialIndex: 3

VertexIndicies: 106 124 109
Normal: -0.052986 -0.173559 -0.983397
Tangent: -0.998102 -0.0217559 0.057618
UV1: 0.125 0.125 
UV2: 0.125 0.125 
UV3: 0.125 0.125
MaterialIndex: 3

VertexIndicies: 109 124 127
Normal: 0 -0.0793886 -0.996844
Tangent: 0.999472 -0.0323939 0.00257985
UV1: 0.125 0.125 
UV2: 0.125 0.125 
UV3: 0.125 0.125
MaterialIndex: 3

VertexIndicies: 107 110 125
Normal: 1 -9.30217e-008 0
Tangent: -8.85064e-008 -0.951459 0.307774
UV1: 0.25 0.125 
UV2: 0.375 0.125 
UV3: 0.25 0.125
MaterialIndex: 3

VertexIndicies: 125 110 128
Normal: 0.997961 -0.0638146 -0.00132937
Tangent: -0.0574085 -0.906494 0.418297
UV1: 0.25 0.125 
UV2: 0.375 0.125 
UV3: 0.375 0.125
MaterialIndex: 3

VertexIndicies: 110 111 128
Normal: 0.0801573 -0.130532 0.988198
Tangent: -0.275634 0.949829 0.147822
UV1: 0.375 0.125 
UV2: 0.375 0.125 
UV3: 0.375 0.125
MaterialIndex: 3

VertexIndicies: 128 111 129
Normal: 1.04881e-007 4.56775e-008 1
Tangent: -0.705345 0.708864 4.15983e-008
UV1: 0.375 0.125 
UV2: 0.375 0.125 
UV3: 0.375 0.125
MaterialIndex: 3

VertexIndicies: 111 108 129
Normal: -0.957746 0.287614 0
Tangent: 0 0 -1
UV1: 0.375 0.125 
UV2: 0.25 0.125 
UV3: 0.375 0.125
MaterialIndex: 3

VertexIndicies: 129 108 126
Normal: -0.981087 0.193569 0
Tangent: 0.158533 0.803511 -0.573792
UV1: 0.375 0.125 
UV2: 0.25 0.125 
UV3: 0.25 0.125
MaterialIndex: 3

VertexIndicies: 124 125 130
Normal: 1 -2.19394e-007 0
Tangent: 1.78484e-007 0.813532 0.58152
UV1: 0.125 0.125 
UV2: 0.25 0.125 
UV3: 0.125 0.125
MaterialIndex: 3

VertexIndicies: 130 125 131
Normal: 0.977343 -0.111718 0.179775
Tangent: 0.0570484 0.956964 0.284544
UV1: 0.125 0.125 
UV2: 0.25 0.125 
UV3: 0.25 0.125
MaterialIndex: 3

VertexIndicies: 127 133 126
Normal: -0.98938 0.145351 0
Tangent: -0.102779 -0.699597 0.707107
UV1: 0.125 0.125 
UV2: 0.125 0.125 
UV3: 0.25 0.125
MaterialIndex: 3

VertexIndicies: 126 133 132
Normal: -0.998736 0.0502364 -0.0015577
Tangent: -0.0443248 -0.894971 -0.443917
UV1: 0.25 0.125 
UV2: 0.125 0.125 
UV3: 0.25 0.125
MaterialIndex: 3

VertexIndicies: 127 124 133
Normal: 0 0 -1
Tangent: 0.802376 0.596819 0
UV1: 0.125 0.125 
UV2: 0.125 0.125 
UV3: 0.125 0.125
MaterialIndex: 3

VertexIndicies: 133 124 130
Normal: 0 0 -1
Tangent: 0.522933 0.852374 0
UV1: 0.125 0.125 
UV2: 0.125 0.125 
UV3: 0.125 0.125
MaterialIndex: 3

VertexIndicies: 128 134 125
Normal: 1 0 0
Tangent: 0 -0.707107 -0.707107
UV1: 0.375 0.125 
UV2: 0.375 0.125 
UV3: 0.25 0.125
MaterialIndex: 3

VertexIndicies: 125 134 131
Normal: 0.997961 -0.0638146 -0.00132937
Tangent: -0.0574085 -0.906494 0.418297
UV1: 0.25 0.125 
UV2: 0.375 0.125 
UV3: 0.25 0.125
MaterialIndex: 3

VertexIndicies: 128 129 134
Normal: 1.04881e-007 4.56775e-008 1
Tangent: -0.705345 0.708864 4.15983e-008
UV1: 0.375 0.125 
UV2: 0.375 0.125 
UV3: 0.375 0.125
MaterialIndex: 3

VertexIndicies: 134 129 135
Normal: 1.38893e-007 0 1
Tangent: -0.522933 0.852374 7.26315e-008
UV1: 0.375 0.125 
UV2: 0.375 0.125 
UV3: 0.375 0.125
MaterialIndex: 3

VertexIndicies: 129 126 135
Normal: -0.981087 0.193569 0
Tangent: 0.158533 0.803511 -0.573792
UV1: 0.375 0.125 
UV2: 0.25 0.125 
UV3: 0.375 0.125
MaterialIndex: 3

VertexIndicies: 135 126 132
Normal: -0.964025 -0.137351 -0.227576
Tangent: -0.0692274 0.95634 -0.283937
UV1: 0.375 0.125 
UV2: 0.25 0.125 
UV3: 0.25 0.125
MaterialIndex: 3

VertexIndicies: 118 136 119
Normal: -1 -3.22492e-007 0
Tangent: 2.28037e-007 -0.707107 0.707107
UV1: 0.875 0.125 
UV2: 0.875 0.125 
UV3: 0.75 0.125
MaterialIndex: 3

VertexIndicies: 119 136 137
Normal: -0.997556 -0.0698598 -0.00135467
Tangent: 0.0627512 -0.887185 -0.457127
UV1: 0.75 0.125 
UV2: 0.875 0.125 
UV3: 0.75 0.125
MaterialIndex: 3

VertexIndicies: 118 120 136
Normal: 2.93869e-007 2.79181e-008 -1
Tangent: 0.697391 0.716691 2.24951e-007
UV1: 0.875 0.125 
UV2: 0.875 0.125 
UV3: 0.875 0.125
MaterialIndex: 3

VertexIndicies: 136 120 138
Normal: 2.81638e-007 1.6568e-013 -1
Tangent: 0.529522 0.848296 1.49134e-007
UV1: 0.875 0.125 
UV2: 0.875 0.125 
UV3: 0.875 0.125
MaterialIndex: 3

VertexIndicies: 120 121 138
Normal: 0.981797 0.189932 0
Tangent: -0.155399 0.803288 0.574961
UV1: 0.875 0.125 
UV2: 0.75 0.125 
UV3: 0.875 0.125
MaterialIndex: 3

VertexIndicies: 138 121 139
Normal: 0.959923 -0.154845 0.233602
Tangent: 0.0783513 0.948547 0.30679
UV1: 0.875 0.125 
UV2: 0.75 0.125 
UV3: 0.75 0.125
MaterialIndex: 3

VertexIndicies: 122 119 140
Normal: -1 -4.42738e-007 0
Tangent: -3.61966e-007 0.817564 -0.575838
UV1: 0.625 0.125 
UV2: 0.75 0.125 
UV3: 0.625 0.125
MaterialIndex: 3

VertexIndicies: 140 119 137
Normal: -0.974286 -0.121965 -0.189452
Tangent: -0.0622889 0.953854 -0.293739
UV1: 0.625 0.125 
UV2: 0.75 0.125 
UV3: 0.75 0.125
MaterialIndex: 3

VertexIndicies: 123 141 121
Normal: 0.989778 0.142614 0
Tangent: 0.100843 -0.699879 -0.707107
UV1: 0.625 0.125 
UV2: 0.625 0.125 
UV3: 0.75 0.125
MaterialIndex: 3

VertexIndicies: 121 141 139
Normal: 0.999249 0.0387219 -0.00160382
Tangent: 0.0357699 -0.905561 0.422704
UV1: 0.75 0.125 
UV2: 0.625 0.125 
UV3: 0.75 0.125
MaterialIndex: 3

VertexIndicies: 123 122 141
Normal: 2.8706e-007 4.18769e-008 1
Tangent: -0.800722 0.599036 2.04769e-007
UV1: 0.625 0.125 
UV2: 0.625 0.125 
UV3: 0.625 0.125
MaterialIndex: 3

VertexIndicies: 141 122 140
Normal: 2.6807e-007 1.6568e-013 1
Tangent: -0.529522 0.848296 1.41949e-007
UV1: 0.625 0.125 
UV2: 0.625 0.125 
UV3: 0.625 0.125
MaterialIndex: 3

VertexIndicies: 87 142 86
Normal: 0 0.973474 0.228797
Tangent: 0.254923 -0.221238 0.941312
UV1: 0.375 1 
UV2: 0.375 1 
UV3: 0.458333 1
MaterialIndex: 2

VertexIndicies: 86 142 143
Normal: 0 0.973474 0.228797
Tangent: -0.900191 -0.09964 0.423943
UV1: 0.458333 1 
UV2: 0.375 1 
UV3: 0.458333 1
MaterialIndex: 2

VertexIndicies: 93 144 87
Normal: -0.92703 0.346529 0.143293
Tangent: 0.350153 0.663193 0.661489
UV1: 0.375 1 
UV2: 0.375 1 
UV3: 0.375 1
MaterialIndex: 2

VertexIndicies: 87 144 142
Normal: -0.930701 0.302194 0.206094
Tangent: -0.356553 -0.875272 -0.326754
UV1: 0.375 1 
UV2: 0.375 1 
UV3: 0.375 1
MaterialIndex: 2

VertexIndicies: 93 92 144
Normal: 0 -1 -3.91095e-008
Tangent: 1 3.56865e-017 -9.12477e-010
UV1: 0.375 1 
UV2: 0.458333 1 
UV3: 0.375 1
MaterialIndex: 2

VertexIndicies: 144 92 145
Normal: 2.76111e-007 -1 3.57387e-007
Tangent: 0.362565 -2.32962e-007 -0.931958
UV1: 0.375 1 
UV2: 0.458333 1 
UV3: 0.458333 1
MaterialIndex: 2

VertexIndicies: 92 86 145
Normal: 1 1.42811e-007 -8.98138e-008
Tangent: -1.64491e-007 0.707107 -0.707107
UV1: 0.458333 1 
UV2: 0.458333 1 
UV3: 0.458333 1
MaterialIndex: 2

VertexIndicies: 145 86 143
Normal: 0.993308 0.0882267 0.0745268
Tangent: 0.0394992 0.346866 -0.937082
UV1: 0.458333 1 
UV2: 0.458333 1 
UV3: 0.458333 1
MaterialIndex: 2

VertexIndicies: 74 75 147
Normal: 0 0.973474 0.228797
Tangent: -1 0 0
UV1: 0.625 1 
UV2: 0.541667 1 
UV3: 0.625 1
MaterialIndex: 2

VertexIndicies: 147 75 146
Normal: 0 0.973474 0.228797
Tangent: -0.193646 0.224466 -0.955048
UV1: 0.625 1 
UV2: 0.541667 1 
UV3: 0.541667 1
MaterialIndex: 2

VertexIndicies: 99 148 75
Normal: -1 0 8.98137e-008
Tangent: 6.35079e-008 0.707107 0.707106
UV1: 0.541667 1 
UV2: 0.541667 1 
UV3: 0.541667 1
MaterialIndex: 2

VertexIndicies: 75 148 146
Normal: -0.99991 0.012578 -0.00459401
Tangent: -0.00466452 -0.648755 -0.760983
UV1: 0.541667 1 
UV2: 0.541667 1 
UV3: 0.541667 1
MaterialIndex: 2

VertexIndicies: 99 98 148
Normal: 0 -1 5.20428e-007
Tangent: 1 0 0
UV1: 0.541667 1 
UV2: 0.625 1 
UV3: 0.541667 1
MaterialIndex: 2

VertexIndicies: 148 98 149
Normal: 0 -1 9.3648e-007
Tangent: 0.5003 -8.10853e-007 -0.865852
UV1: 0.541667 1 
UV2: 0.625 1 
UV3: 0.625 1
MaterialIndex: 2

VertexIndicies: 98 74 149
Normal: 0.991186 0 0.132481
Tangent: 0.093678 0.707107 -0.700874
UV1: 0.625 1 
UV2: 0.625 1 
UV3: 0.625 1
MaterialIndex: 2

VertexIndicies: 149 74 147
Normal: 0.962447 0.207383 0.17518
Tangent: 0.0908666 0.361982 -0.927746
UV1: 0.625 1 
UV2: 0.625 1 
UV3: 0.625 1
MaterialIndex: 2


