NumberOfMeshes: 1
MeshName: pConeShape1
NumberOfVertices: 19
0.410608 0.474586 -1.44685
-0.410608 0.474586 -1.44685
-0.821216 1.22371e-007 -1.44685
-0.410608 -0.474586 -1.44685
0.410608 -0.474586 -1.44685
0.821216 -4.45172e-016 -1.44685
0.405231 0.474129 0.362955
-0.405231 0.474129 0.362955
-0.822416 8.15805e-008 0.362955
-0.405231 -0.474129 0.362955
0.405231 -0.474129 0.362955
0.822416 -1.48391e-016 0.362955
0.160777 0.274424 1.38874
-0.112962 0.274424 1.38874
-0.536723 4.07902e-008 1.38874
-0.112962 -0.349142 1.38874
0.160777 -0.349142 1.38874
0.524769 1.48391e-016 1.38874
0 4.45172e-016 2.25158

NumberOfPolygons: 34
VertexIndicies: 0 1 6
Normal: 0.545579 0.838059 0.000777664
Tangent: -0.83806 0.545578 0.000506261
UV1: 0.25 0.5 
UV2: 0.333333 0.5 
UV3: 0.333333 0.666667
MaterialIndex: -1

VertexIndicies: 6 1 7
Normal: 0.320167 0.937348 0.137373
Tangent: -0.947361 0.316783 0.046426
UV1: 0.333333 0.666667 
UV2: 0.333333 0.5 
UV3: 0.388889 0.666667
MaterialIndex: -1

VertexIndicies: 1 2 7
Normal: -0.274007 0.961727 0.00105653
Tangent: -0.961727 -0.274007 3.00518e-005
UV1: 0.333333 0.5 
UV2: 0.416667 0.5 
UV3: 0.388889 0.666667
MaterialIndex: -1

VertexIndicies: 7 2 8
Normal: -0.49888 0.857351 0.126758
Tangent: -0.86446 -0.502697 -0.00216129
UV1: 0.388889 0.666667 
UV2: 0.416667 0.5 
UV3: 0.444444 0.666667
MaterialIndex: -1

VertexIndicies: 2 3 8
Normal: -0.959946 0.280185 0.000599364
Tangent: -0.280185 -0.959946 0.000124345
UV1: 0.416667 0.5 
UV2: 0.5 0.5 
UV3: 0.444444 0.666667
MaterialIndex: -1

VertexIndicies: 8 3 9
Normal: -0.979191 -0.17188 0.107898
Tangent: 0.171353 -0.985107 -0.0142052
UV1: 0.444444 0.666667 
UV2: 0.5 0.5 
UV3: 0.5 0.666667
MaterialIndex: -1

VertexIndicies: 3 4 9
Normal: -0.545579 -0.838059 0.000777664
Tangent: 0.838059 -0.545579 2.17485e-005
UV1: 0.5 0.5 
UV2: 0.583333 0.5 
UV3: 0.5 0.666667
MaterialIndex: -1

VertexIndicies: 9 4 10
Normal: -0.381905 -0.917861 0.108068
Tangent: 0.923243 -0.384215 -0.000599508
UV1: 0.5 0.666667 
UV2: 0.583333 0.5 
UV3: 0.555556 0.666667
MaterialIndex: -1

VertexIndicies: 4 5 10
Normal: 0.274007 -0.961727 0.00105656
Tangent: 0.961728 0.274007 3.00528e-005
UV1: 0.583333 0.5 
UV2: 0.666667 0.5 
UV3: 0.555556 0.666667
MaterialIndex: -1

VertexIndicies: 10 5 11
Normal: 0.455613 -0.883372 0.109864
Tangent: 0.888804 0.458286 -0.00102665
UV1: 0.555556 0.666667 
UV2: 0.666667 0.5 
UV3: 0.611111 0.666667
MaterialIndex: -1

VertexIndicies: 5 0 11
Normal: 0.959946 -0.280185 0.000599385
Tangent: 0.280185 0.959946 0.00012435
UV1: 0.666667 0.5 
UV2: 0.75 0.5 
UV3: 0.611111 0.666667
MaterialIndex: -1

VertexIndicies: 11 0 6
Normal: 0.978699 0.171915 0.11222
Tangent: -0.171346 0.9851 -0.0147639
UV1: 0.611111 0.666667 
UV2: 0.75 0.5 
UV3: 0.666667 0.666667
MaterialIndex: -1

VertexIndicies: 7 13 6
Normal: -0.49888 0.857351 0.126758
Tangent: -0.86446 -0.502697 -0.00216129
UV1: 0.388889 0.666667 
UV2: 0.444444 0.833333 
UV3: 0.333333 0.666667
MaterialIndex: 2

VertexIndicies: 6 13 12
Normal: 0.320167 0.937348 0.137373
Tangent: -0.947361 0.316783 0.046426
UV1: 0.333333 0.666667 
UV2: 0.444444 0.833333 
UV3: 0.416667 0.833333
MaterialIndex: 2

VertexIndicies: 8 14 7
Normal: -0.979191 -0.17188 0.107898
Tangent: 0.171353 -0.985107 -0.0142052
UV1: 0.444444 0.666667 
UV2: 0.472222 0.833333 
UV3: 0.388889 0.666667
MaterialIndex: 2

VertexIndicies: 7 14 13
Normal: -0.49888 0.857351 0.126758
Tangent: -0.86446 -0.502697 -0.00216129
UV1: 0.388889 0.666667 
UV2: 0.472222 0.833333 
UV3: 0.444444 0.833333
MaterialIndex: 2

VertexIndicies: 8 9 14
Normal: -0.979191 -0.17188 0.107898
Tangent: 0.171353 -0.985107 -0.0142052
UV1: 0.444444 0.666667 
UV2: 0.5 0.666667 
UV3: 0.472222 0.833333
MaterialIndex: 2

VertexIndicies: 14 9 15
Normal: -0.911621 0.03275 0.409725
Tangent: -0.0376617 -0.999283 -0.00392152
UV1: 0.472222 0.833333 
UV2: 0.5 0.666667 
UV3: 0.5 0.833333
MaterialIndex: 2

VertexIndicies: 9 10 15
Normal: -0.381905 -0.917861 0.108068
Tangent: 0.923243 -0.384215 -0.000599508
UV1: 0.5 0.666667 
UV2: 0.555556 0.666667 
UV3: 0.5 0.833333
MaterialIndex: 2

VertexIndicies: 15 10 16
Normal: -0.255929 -0.929477 0.265655
Tangent: 0.963873 -0.266343 -0.00330171
UV1: 0.5 0.833333 
UV2: 0.555556 0.666667 
UV3: 0.527778 0.833333
MaterialIndex: 2

VertexIndicies: 11 17 10
Normal: 0.978699 0.171915 0.11222
Tangent: -0.171346 0.9851 -0.0147639
UV1: 0.611111 0.666667 
UV2: 0.555556 0.833333 
UV3: 0.555556 0.666667
MaterialIndex: 2

VertexIndicies: 10 17 16
Normal: 0.455613 -0.883372 0.109864
Tangent: 0.888804 0.458286 -0.00102665
UV1: 0.555556 0.666667 
UV2: 0.555556 0.833333 
UV3: 0.527778 0.833333
MaterialIndex: 2

VertexIndicies: 11 6 17
Normal: 0.978699 0.171915 0.11222
Tangent: -0.171346 0.9851 -0.0147639
UV1: 0.611111 0.666667 
UV2: 0.666667 0.666667 
UV3: 0.555556 0.833333
MaterialIndex: 2

VertexIndicies: 17 6 12
Normal: 0.91774 0.0351515 0.395622
Tangent: -0.0392556 0.999227 0.00228025
UV1: 0.555556 0.833333 
UV2: 0.666667 0.666667 
UV3: 0.583333 0.833333
MaterialIndex: 2

VertexIndicies: 5 4 0
Normal: 0 0 -1
Tangent: 1 1.25714e-007 0
UV1: 0.75 0.25 
UV2: 0.625 0.466506 
UV3: 0.625 0.0334937
MaterialIndex: -1

VertexIndicies: 0 4 1
Normal: -2.60404e-008 0 -1
Tangent: 1 1.36475e-008 -2.60404e-008
UV1: 0.625 0.0334937 
UV2: 0.625 0.466506 
UV3: 0.375 0.0334936
MaterialIndex: -1

VertexIndicies: 4 3 1
Normal: 8.45966e-008 0 -1
Tangent: 1 -1.50953e-008 8.45966e-008
UV1: 0.625 0.466506 
UV2: 0.375 0.466506 
UV3: 0.375 0.0334936
MaterialIndex: -1

VertexIndicies: 3 2 1
Normal: 1.52935e-007 0 -1
Tangent: 1 -3.62905e-008 1.52935e-007
UV1: 0.375 0.466506 
UV2: 0.25 0.25 
UV3: 0.375 0.0334936
MaterialIndex: -1

VertexIndicies: 12 13 18
Normal: 0.300271 0.906889 0.295617
Tangent: -0.953854 0.285487 0.0930596
UV1: 0.416667 0.833333 
UV2: 0.444444 0.833333 
UV3: 0.5 1
MaterialIndex: -1

VertexIndicies: 13 14 18
Normal: -0.214767 0.937981 0.272154
Tangent: -0.97464 -0.22377 0.00210147
UV1: 0.444444 0.833333 
UV2: 0.472222 0.833333 
UV3: 0.5 1
MaterialIndex: -1

VertexIndicies: 14 15 18
Normal: -0.911621 0.03275 0.409725
Tangent: -0.0376617 -0.999283 -0.00392152
UV1: 0.472222 0.833333 
UV2: 0.5 0.833333 
UV3: 0.5 1
MaterialIndex: -1

VertexIndicies: 15 16 18
Normal: -0.255929 -0.929477 0.265655
Tangent: 0.963873 -0.266343 -0.00330171
UV1: 0.5 0.833333 
UV2: 0.527778 0.833333 
UV3: 0.5 1
MaterialIndex: -1

VertexIndicies: 16 17 18
Normal: 0.3527 -0.884895 0.304244
Tangent: 0.928813 0.370548 0.000997974
UV1: 0.527778 0.833333 
UV2: 0.555556 0.833333 
UV3: 0.5 1
MaterialIndex: -1

VertexIndicies: 17 12 18
Normal: 0.91774 0.0351515 0.395622
Tangent: -0.0392556 0.999227 0.00228025
UV1: 0.555556 0.833333 
UV2: 0.583333 0.833333 
UV3: 0.5 1
MaterialIndex: -1


