NumberOfMeshes: 1
MeshName: pCylinderShape1
NumberOfVertices: 82
0.951057 -1.5 -0.309017
0.809018 -1.5 -0.587786
0.587786 -1.5 -0.809017
0.309017 -1.5 -0.951057
0 -1.5 -1
-0.309017 -1.5 -0.951057
-0.587785 -1.5 -0.809017
-0.809017 -1.5 -0.587785
-0.951057 -1.5 -0.309017
-1 -1.5 0
-0.951057 -1.5 0.309017
-0.809017 -1.5 0.587785
-0.587785 -1.5 0.809017
-0.309017 -1.5 0.951057
-2.98023e-008 -1.5 1
0.309017 -1.5 0.951057
0.587785 -1.5 0.809017
0.809017 -1.5 0.587785
0.951057 -1.5 0.309017
1 -1.5 0
0.951057 0.540152 -0.309017
0.809018 0.540152 -0.587786
0.587786 0.540152 -0.809017
0.309017 0.540152 -0.951057
2.13129e-016 0.540152 -1
-0.309017 0.540152 -0.951057
-0.587785 0.540152 -0.809017
-0.809017 0.540152 -0.587785
-0.951057 0.540152 -0.309017
-1 0.540152 0
-0.951057 0.540152 0.309017
-0.809017 0.540152 0.587785
-0.587785 0.540152 0.809017
-0.309017 0.540152 0.951057
-2.98023e-008 0.540152 1
0.309017 0.540152 0.951057
0.587785 0.540152 0.809017
0.809017 0.540152 0.587785
0.951057 0.540152 0.309017
1 0.540152 0
0 -1.5 0
0.951057 1.04015 -0.309017
0.809018 1.04015 -0.587786
0.587786 1.04015 -0.809017
0.309017 1.04015 -0.951057
1.02107e-016 1.04015 -1
-0.309017 1.04015 -0.951057
-0.587786 1.04015 -0.809017
-0.809017 1.04015 -0.587785
-0.951057 1.04015 -0.309017
-1 1.04015 0
-0.951057 1.04015 0.309017
-0.809017 1.04015 0.587785
-0.587785 1.04015 0.809017
-0.309017 1.04015 0.951057
-2.28442e-007 1.04015 1
0.309017 1.04015 0.951057
0.587785 1.04015 0.809017
0.809017 1.04015 0.587785
0.951057 1.04015 0.309017
1 1.04015 1.81276e-009
0.493293 2.35992 -0.160281
0.41962 2.35992 -0.304872
-6.61654e-008 3.31977 -8.60669e-008
0.304872 2.35992 -0.41962
0.160281 2.35992 -0.493293
-5.65987e-008 2.35992 -0.518679
-0.160281 2.35992 -0.493293
-0.304872 2.35992 -0.41962
-0.41962 2.35992 -0.304872
-0.493293 2.35992 -0.160281
-0.518679 2.35992 -8.60669e-008
-0.493293 2.35992 0.160281
-0.41962 2.35992 0.304872
-0.304872 2.35992 0.41962
-0.160281 2.35992 0.493292
-1.75087e-007 2.35992 0.518679
0.160281 2.35992 0.493293
0.304872 2.35992 0.41962
0.41962 2.35992 0.304872
0.493293 2.35992 0.16028
0.518679 2.35992 -8.51267e-008

NumberOfPolygons: 160
VertexIndicies: 0 1 20
Normal: 0.966026 0 -0.258445
Tangent: -0.258445 0 -0.966026
UV1: 0.375 0.3125 
UV2: 0.3875 0.3125 
UV3: 0.375 0.68844
MaterialIndex: -1

VertexIndicies: 20 1 21
Normal: 0.951057 3.91081e-009 -0.309016
Tangent: -0.309016 6.19415e-010 -0.951057
UV1: 0.375 0.68844 
UV2: 0.3875 0.3125 
UV3: 0.3875 0.68844
MaterialIndex: -1

VertexIndicies: 1 2 21
Normal: 0.838881 0 -0.544315
Tangent: -0.544315 0 -0.838881
UV1: 0.3875 0.3125 
UV2: 0.4 0.3125 
UV3: 0.3875 0.68844
MaterialIndex: -1

VertexIndicies: 21 2 22
Normal: 0.809017 -9.64423e-008 -0.587785
Tangent: -0.587785 -5.09167e-009 -0.809017
UV1: 0.3875 0.68844 
UV2: 0.4 0.3125 
UV3: 0.4 0.68844
MaterialIndex: -1

VertexIndicies: 2 3 22
Normal: 0.62962 0 -0.776903
Tangent: -0.776903 0 -0.62962
UV1: 0.4 0.3125 
UV2: 0.4125 0.3125 
UV3: 0.4 0.68844
MaterialIndex: -1

VertexIndicies: 22 3 23
Normal: 0.587785 -4.82211e-008 -0.809017
Tangent: -0.809017 -2.54582e-009 -0.587785
UV1: 0.4 0.68844 
UV2: 0.4125 0.3125 
UV3: 0.4125 0.68844
MaterialIndex: -1

VertexIndicies: 3 4 23
Normal: 0.358728 0 -0.933442
Tangent: -0.933442 0 -0.358728
UV1: 0.4125 0.3125 
UV2: 0.425 0.3125 
UV3: 0.4125 0.68844
MaterialIndex: -1

VertexIndicies: 23 4 24
Normal: 0.309017 -1.60737e-008 -0.951057
Tangent: -0.951056 -8.48607e-010 -0.309017
UV1: 0.4125 0.68844 
UV2: 0.425 0.3125 
UV3: 0.425 0.68844
MaterialIndex: -1

VertexIndicies: 4 5 24
Normal: 0.0527213 0 -0.998609
Tangent: -0.998609 0 -0.0527213
UV1: 0.425 0.3125 
UV2: 0.4375 0.3125 
UV3: 0.425 0.68844
MaterialIndex: -1

VertexIndicies: 24 5 25
Normal: -9.30359e-008 0 -1
Tangent: -1 0 9.64422e-008
UV1: 0.425 0.68844 
UV2: 0.4375 0.3125 
UV3: 0.4375 0.68844
MaterialIndex: -1

VertexIndicies: 5 6 25
Normal: -0.258446 0 -0.966026
Tangent: -0.966026 0 0.258446
UV1: 0.4375 0.3125 
UV2: 0.45 0.3125 
UV3: 0.4375 0.68844
MaterialIndex: -1

VertexIndicies: 25 6 26
Normal: -0.309017 -1.00461e-009 -0.951056
Tangent: -0.951056 -5.30381e-011 0.309017
UV1: 0.4375 0.68844 
UV2: 0.45 0.3125 
UV3: 0.45 0.68844
MaterialIndex: -1

VertexIndicies: 6 7 26
Normal: -0.544316 0 -0.83888
Tangent: -0.83888 0 0.544316
UV1: 0.45 0.3125 
UV2: 0.4625 0.3125 
UV3: 0.45 0.68844
MaterialIndex: -1

VertexIndicies: 26 7 27
Normal: -0.587785 -9.64423e-008 -0.809017
Tangent: -0.809017 -5.09165e-009 0.587785
UV1: 0.45 0.68844 
UV2: 0.4625 0.3125 
UV3: 0.4625 0.68844
MaterialIndex: -1

VertexIndicies: 7 8 27
Normal: -0.776903 0 -0.62962
Tangent: -0.62962 0 0.776903
UV1: 0.4625 0.3125 
UV2: 0.475 0.3125 
UV3: 0.4625 0.68844
MaterialIndex: -1

VertexIndicies: 27 8 28
Normal: -0.809017 -1.92885e-007 -0.587785
Tangent: -0.587785 -1.01833e-008 0.809017
UV1: 0.4625 0.68844 
UV2: 0.475 0.3125 
UV3: 0.475 0.68844
MaterialIndex: -1

VertexIndicies: 8 9 28
Normal: -0.933442 0 -0.358728
Tangent: -0.358728 0 0.933442
UV1: 0.475 0.3125 
UV2: 0.4875 0.3125 
UV3: 0.475 0.68844
MaterialIndex: -1

VertexIndicies: 28 9 29
Normal: -0.951057 -6.42949e-008 -0.309017
Tangent: -0.309017 -3.39443e-009 0.951057
UV1: 0.475 0.68844 
UV2: 0.4875 0.3125 
UV3: 0.4875 0.68844
MaterialIndex: -1

VertexIndicies: 9 10 29
Normal: -0.998609 0 -0.0527214
Tangent: -0.0527214 0 0.998609
UV1: 0.4875 0.3125 
UV2: 0.5 0.3125 
UV3: 0.4875 0.68844
MaterialIndex: -1

VertexIndicies: 29 10 30
Normal: -1 0 -2.51448e-009
Tangent: 0 0 1
UV1: 0.4875 0.68844 
UV2: 0.5 0.3125 
UV3: 0.5 0.68844
MaterialIndex: -1

VertexIndicies: 10 11 30
Normal: -0.966026 0 0.258446
Tangent: 0.258446 0 0.966026
UV1: 0.5 0.3125 
UV2: 0.5125 0.3125 
UV3: 0.5 0.68844
MaterialIndex: -1

VertexIndicies: 30 11 31
Normal: -0.951056 0 0.309017
Tangent: 0.309017 0 0.951056
UV1: 0.5 0.68844 
UV2: 0.5125 0.3125 
UV3: 0.5125 0.68844
MaterialIndex: -1

VertexIndicies: 11 12 31
Normal: -0.838881 0 0.544315
Tangent: 0.544315 0 0.83888
UV1: 0.5125 0.3125 
UV2: 0.525 0.3125 
UV3: 0.5125 0.68844
MaterialIndex: -1

VertexIndicies: 31 12 32
Normal: -0.809017 3.21474e-008 0.587785
Tangent: 0.587785 1.69722e-009 0.809017
UV1: 0.5125 0.68844 
UV2: 0.525 0.3125 
UV3: 0.525 0.68844
MaterialIndex: -1

VertexIndicies: 12 13 32
Normal: -0.62962 0 0.776903
Tangent: 0.776903 0 0.62962
UV1: 0.525 0.3125 
UV2: 0.5375 0.3125 
UV3: 0.525 0.68844
MaterialIndex: -1

VertexIndicies: 32 13 33
Normal: -0.587785 8.03686e-008 0.809017
Tangent: 0.809017 4.24304e-009 0.587785
UV1: 0.525 0.68844 
UV2: 0.5375 0.3125 
UV3: 0.5375 0.68844
MaterialIndex: -1

VertexIndicies: 13 14 33
Normal: -0.358728 0 0.933442
Tangent: 0.933442 0 0.358728
UV1: 0.5375 0.3125 
UV2: 0.55 0.3125 
UV3: 0.5375 0.68844
MaterialIndex: -1

VertexIndicies: 33 14 34
Normal: -0.309017 -2.51152e-008 0.951056
Tangent: 0.951056 -1.32595e-009 0.309017
UV1: 0.5375 0.68844 
UV2: 0.55 0.3125 
UV3: 0.55 0.68844
MaterialIndex: -1

VertexIndicies: 14 15 34
Normal: -0.0527212 0 0.998609
Tangent: 0.998609 0 0.0527212
UV1: 0.55 0.3125 
UV2: 0.5625 0.3125 
UV3: 0.55 0.68844
MaterialIndex: -1

VertexIndicies: 34 15 35
Normal: 2.26304e-008 -9.04147e-009 1
Tangent: 1 -4.77344e-010 -1.92884e-008
UV1: 0.55 0.68844 
UV2: 0.5625 0.3125 
UV3: 0.5625 0.68844
MaterialIndex: -1

VertexIndicies: 15 16 35
Normal: 0.258446 0 0.966026
Tangent: 0.966026 0 -0.258446
UV1: 0.5625 0.3125 
UV2: 0.575 0.3125 
UV3: 0.5625 0.68844
MaterialIndex: -1

VertexIndicies: 35 16 36
Normal: 0.309017 -3.21474e-008 0.951056
Tangent: 0.951056 -1.69722e-009 -0.309017
UV1: 0.5625 0.68844 
UV2: 0.575 0.3125 
UV3: 0.575 0.68844
MaterialIndex: -1

VertexIndicies: 16 17 36
Normal: 0.544315 0 0.838881
Tangent: 0.838881 0 -0.544315
UV1: 0.575 0.3125 
UV2: 0.5875 0.3125 
UV3: 0.575 0.68844
MaterialIndex: -1

VertexIndicies: 36 17 37
Normal: 0.587785 -3.21474e-008 0.809017
Tangent: 0.809017 -1.69722e-009 -0.587785
UV1: 0.575 0.68844 
UV2: 0.5875 0.3125 
UV3: 0.5875 0.68844
MaterialIndex: -1

VertexIndicies: 17 18 37
Normal: 0.776903 0 0.62962
Tangent: 0.62962 0 -0.776903
UV1: 0.5875 0.3125 
UV2: 0.6 0.3125 
UV3: 0.5875 0.68844
MaterialIndex: -1

VertexIndicies: 37 18 38
Normal: 0.809017 6.42949e-008 0.587785
Tangent: 0.587785 3.39443e-009 -0.809017
UV1: 0.5875 0.68844 
UV2: 0.6 0.3125 
UV3: 0.6 0.68844
MaterialIndex: -1

VertexIndicies: 18 19 38
Normal: 0.933442 0 0.358728
Tangent: 0.358728 0 -0.933442
UV1: 0.6 0.3125 
UV2: 0.6125 0.3125 
UV3: 0.6 0.68844
MaterialIndex: -1

VertexIndicies: 38 19 39
Normal: 0.951056 3.21474e-008 0.309017
Tangent: 0.309017 1.69722e-009 -0.951056
UV1: 0.6 0.68844 
UV2: 0.6125 0.3125 
UV3: 0.6125 0.68844
MaterialIndex: -1

VertexIndicies: 19 0 39
Normal: 0.998609 0 0.052722
Tangent: 0.052722 0 -0.998609
UV1: 0.6125 0.3125 
UV2: 0.625 0.3125 
UV3: 0.6125 0.68844
MaterialIndex: -1

VertexIndicies: 39 0 20
Normal: 1 3.91081e-009 9.88192e-007
Tangent: 9.77281e-007 2.06469e-010 -1
UV1: 0.6125 0.68844 
UV2: 0.625 0.3125 
UV3: 0.625 0.68844
MaterialIndex: -1

VertexIndicies: 1 0 40
Normal: 0 -1 1.92884e-007
Tangent: 0.999452 -6.38487e-009 -0.0331021
UV1: 0.626409 0.0644085 
UV2: 0.648603 0.107966 
UV3: 0.5 0.15
MaterialIndex: -1

VertexIndicies: 2 1 40
Normal: 0 -1 1.92884e-007
Tangent: 0.999705 -4.68127e-009 -0.0242698
UV1: 0.591842 0.029841 
UV2: 0.626409 0.0644085 
UV3: 0.5 0.15
MaterialIndex: -1

VertexIndicies: 3 2 40
Normal: 0 -1 0
Tangent: 0.999918 0 -0.0128352
UV1: 0.548284 0.00764734 
UV2: 0.591842 0.029841 
UV3: 0.5 0.15
MaterialIndex: -1

VertexIndicies: 4 3 40
Normal: 0 -1 0
Tangent: 1 0 5.98388e-008
UV1: 0.5 -7.45058e-008 
UV2: 0.548284 0.00764734 
UV3: 0.5 0.15
MaterialIndex: -1

VertexIndicies: 5 4 40
Normal: 0 -1 0
Tangent: 0.999918 0 0.0128353
UV1: 0.451716 0.00764735 
UV2: 0.5 -7.45058e-008 
UV3: 0.5 0.15
MaterialIndex: -1

VertexIndicies: 6 5 40
Normal: 0 -1 0
Tangent: 0.999705 0 0.0242699
UV1: 0.408159 0.0298411 
UV2: 0.451716 0.00764735 
UV3: 0.5 0.15
MaterialIndex: -1

VertexIndicies: 7 6 40
Normal: 0 -1 0
Tangent: 0.999452 0 0.0331021
UV1: 0.373591 0.0644085 
UV2: 0.408159 0.0298411 
UV3: 0.5 0.15
MaterialIndex: -1

VertexIndicies: 8 7 40
Normal: 0 -1 0
Tangent: 0.999259 0 0.038479
UV1: 0.351397 0.107966 
UV2: 0.373591 0.0644085 
UV3: 0.5 0.15
MaterialIndex: -1

VertexIndicies: 9 8 40
Normal: 0 -1 0
Tangent: 0.999201 0 0.0399696
UV1: 0.34375 0.15625 
UV2: 0.351397 0.107966 
UV3: 0.5 0.15
MaterialIndex: -1

VertexIndicies: 10 9 40
Normal: 0 -1 0
Tangent: 0.999294 0 0.0375639
UV1: 0.351397 0.204534 
UV2: 0.34375 0.15625 
UV3: 0.5 0.15
MaterialIndex: -1

VertexIndicies: 11 10 40
Normal: 0 -1 0
Tangent: 0.9995 0 0.03162
UV1: 0.373591 0.248091 
UV2: 0.351397 0.204534 
UV3: 0.5 0.15
MaterialIndex: -1

VertexIndicies: 12 11 40
Normal: 0 -1 0
Tangent: 0.99974 0 0.0227861
UV1: 0.408159 0.282659 
UV2: 0.373591 0.248091 
UV3: 0.5 0.15
MaterialIndex: -1

VertexIndicies: 13 12 40
Normal: 0 -1 4.82212e-008
Tangent: 0.999929 5.74685e-010 0.0119177
UV1: 0.451716 0.304853 
UV2: 0.408159 0.282659 
UV3: 0.5 0.15
MaterialIndex: -1

VertexIndicies: 14 13 40
Normal: 0 -1 4.82212e-008
Tangent: 1 -4.73241e-015 -9.84892e-008
UV1: 0.5 0.3125 
UV2: 0.451716 0.304853 
UV3: 0.5 0.15
MaterialIndex: -1

VertexIndicies: 15 14 40
Normal: 0 -1 0
Tangent: 0.999929 0 -0.0119178
UV1: 0.548284 0.304853 
UV2: 0.5 0.3125 
UV3: 0.5 0.15
MaterialIndex: -1

VertexIndicies: 16 15 40
Normal: 0 -1 0
Tangent: 0.99974 0 -0.0227861
UV1: 0.591841 0.282659 
UV2: 0.548284 0.304853 
UV3: 0.5 0.15
MaterialIndex: -1

VertexIndicies: 17 16 40
Normal: 0 -1 0
Tangent: 0.9995 0 -0.0316199
UV1: 0.626409 0.248091 
UV2: 0.591841 0.282659 
UV3: 0.5 0.15
MaterialIndex: -1

VertexIndicies: 18 17 40
Normal: 0 -1 0
Tangent: 0.999294 0 -0.0375638
UV1: 0.648603 0.204534 
UV2: 0.626409 0.248091 
UV3: 0.5 0.15
MaterialIndex: -1

VertexIndicies: 19 18 40
Normal: 0 -1 0
Tangent: 0.999201 0 -0.0399696
UV1: 0.65625 0.15625 
UV2: 0.648603 0.204534 
UV3: 0.5 0.15
MaterialIndex: -1

VertexIndicies: 0 19 40
Normal: 0 -1 0
Tangent: 0.999259 0 -0.038479
UV1: 0.648603 0.107966 
UV2: 0.65625 0.15625 
UV3: 0.5 0.15
MaterialIndex: -1

VertexIndicies: 61 62 63
Normal: 0.836708 0.475406 -0.271863
Tangent: 0.498575 -0.866639 0.0189658
UV1: 0.648603 0.892034 
UV2: 0.626409 0.935591 
UV3: 0.5 0.8375
MaterialIndex: -1

VertexIndicies: 62 64 63
Normal: 0.711746 0.475406 -0.517114
Tangent: 0.565192 -0.824724 0.0197142
UV1: 0.626409 0.935591 
UV2: 0.591841 0.970159 
UV3: 0.5 0.8375
MaterialIndex: -1

VertexIndicies: 64 65 63
Normal: 0.517113 0.475406 -0.711747
Tangent: 0.692784 -0.720813 0.0218741
UV1: 0.591841 0.970159 
UV2: 0.548284 0.992353 
UV3: 0.5 0.8375
MaterialIndex: -1

VertexIndicies: 65 66 63
Normal: 0.271863 0.475405 -0.836708
Tangent: 0.883191 -0.468556 0.0207399
UV1: 0.548284 0.992353 
UV2: 0.5 1 
UV3: 0.5 0.8375
MaterialIndex: -1

VertexIndicies: 66 67 63
Normal: 1.42176e-006 0.475406 -0.879767
Tangent: 1 -9.20521e-008 1.55722e-006
UV1: 0.5 1 
UV2: 0.451716 0.992353 
UV3: 0.5 0.8375
MaterialIndex: -1

VertexIndicies: 67 68 63
Normal: -0.271863 0.475405 -0.836708
Tangent: 0.88319 0.468556 -0.0207398
UV1: 0.451716 0.992353 
UV2: 0.408159 0.970159 
UV3: 0.5 0.8375
MaterialIndex: -1

VertexIndicies: 68 69 63
Normal: -0.517114 0.475405 -0.711746
Tangent: 0.692784 0.720814 -0.0218753
UV1: 0.408159 0.970159 
UV2: 0.373591 0.935591 
UV3: 0.5 0.8375
MaterialIndex: -1

VertexIndicies: 69 70 63
Normal: -0.711746 0.475405 -0.517114
Tangent: 0.565192 0.824724 -0.0197143
UV1: 0.373591 0.935591 
UV2: 0.351397 0.892034 
UV3: 0.5 0.8375
MaterialIndex: -1

VertexIndicies: 70 71 63
Normal: -0.836708 0.475405 -0.271864
Tangent: 0.498575 0.866639 -0.018966
UV1: 0.351397 0.892034 
UV2: 0.34375 0.84375 
UV3: 0.5 0.8375
MaterialIndex: -1

VertexIndicies: 71 72 63
Normal: -0.879767 0.475406 -1.50451e-008
Tangent: 0.47532 0.879608 -0.0190129
UV1: 0.34375 0.84375 
UV2: 0.351397 0.795466 
UV3: 0.5 0.8375
MaterialIndex: -1

VertexIndicies: 72 73 63
Normal: -0.836708 0.475406 0.271864
Tangent: 0.489343 0.871892 -0.0186329
UV1: 0.351397 0.795466 
UV2: 0.373591 0.751909 
UV3: 0.5 0.8375
MaterialIndex: -1

VertexIndicies: 73 74 63
Normal: -0.711746 0.475405 0.517115
Tangent: 0.547184 0.836855 -0.0162242
UV1: 0.373591 0.751909 
UV2: 0.408159 0.717341 
UV3: 0.5 0.8375
MaterialIndex: -1

VertexIndicies: 74 75 63
Normal: -0.517113 0.475405 0.711747
Tangent: 0.669698 0.742574 -0.00943301
UV1: 0.408159 0.717341 
UV2: 0.451716 0.695147 
UV3: 0.5 0.8375
MaterialIndex: -1

VertexIndicies: 75 76 63
Normal: -0.271864 0.475405 0.836708
Tangent: 0.869207 0.494446 0.00148633
UV1: 0.451716 0.695147 
UV2: 0.5 0.6875 
UV3: 0.5 0.8375
MaterialIndex: -1

VertexIndicies: 76 77 63
Normal: -1.33902e-006 0.475405 0.879767
Tangent: 1 1.62136e-007 1.43606e-006
UV1: 0.5 0.6875 
UV2: 0.548284 0.695147 
UV3: 0.5 0.8375
MaterialIndex: -1

VertexIndicies: 77 78 63
Normal: 0.271864 0.475405 0.836708
Tangent: 0.869207 -0.494446 -0.00148628
UV1: 0.548284 0.695147 
UV2: 0.591842 0.717341 
UV3: 0.5 0.8375
MaterialIndex: -1

VertexIndicies: 78 79 63
Normal: 0.517115 0.475405 0.711746
Tangent: 0.669698 -0.742574 0.00943149
UV1: 0.591842 0.717341 
UV2: 0.626409 0.751908 
UV3: 0.5 0.8375
MaterialIndex: -1

VertexIndicies: 79 80 63
Normal: 0.711746 0.475405 0.517114
Tangent: 0.547183 -0.836855 0.0162241
UV1: 0.626409 0.751908 
UV2: 0.648603 0.795466 
UV3: 0.5 0.8375
MaterialIndex: -1

VertexIndicies: 80 81 63
Normal: 0.836708 0.475405 0.271864
Tangent: 0.489343 -0.871892 0.018633
UV1: 0.648603 0.795466 
UV2: 0.65625 0.84375 
UV3: 0.5 0.8375
MaterialIndex: -1

VertexIndicies: 81 61 63
Normal: 0.879767 0.475406 1.42176e-006
Tangent: 0.47532 -0.879608 0.0190129
UV1: 0.65625 0.84375 
UV2: 0.648603 0.892034 
UV3: 0.5 0.8375
MaterialIndex: -1

VertexIndicies: 20 21 41
Normal: 0.951057 3.91081e-009 -0.309016
Tangent: -0.076713 0.968696 -0.236099
UV1: 0.648603 0.892034 
UV2: 0.626409 0.935591 
UV3: 0.648603 0.892034
MaterialIndex: -1

VertexIndicies: 41 21 42
Normal: 0.936043 0.17409 -0.305804
Tangent: -0.351627 0.429452 -0.831823
UV1: 0.648603 0.892034 
UV2: 0.626409 0.935591 
UV3: 0.626409 0.935591
MaterialIndex: -1

VertexIndicies: 21 22 42
Normal: 0.809017 -9.64423e-008 -0.587785
Tangent: -0.145917 0.968696 -0.200838
UV1: 0.626409 0.935591 
UV2: 0.591841 0.970159 
UV3: 0.626409 0.935591
MaterialIndex: -1

VertexIndicies: 42 22 43
Normal: 0.79573 0.17409 -0.580091
Tangent: -0.591466 0.429451 -0.682451
UV1: 0.626409 0.935591 
UV2: 0.591841 0.970159 
UV3: 0.591841 0.970159
MaterialIndex: -1

VertexIndicies: 22 23 43
Normal: 0.587785 -4.82211e-008 -0.809017
Tangent: -0.200838 0.968696 -0.145917
UV1: 0.591841 0.970159 
UV2: 0.548284 0.992353 
UV3: 0.591841 0.970159
MaterialIndex: -1

VertexIndicies: 43 23 44
Normal: 0.577526 0.174091 -0.797594
Tangent: -0.773407 0.429451 -0.466276
UV1: 0.591841 0.970159 
UV2: 0.548284 0.992353 
UV3: 0.548284 0.992353
MaterialIndex: -1

VertexIndicies: 23 24 44
Normal: 0.309017 -1.60737e-008 -0.951057
Tangent: -0.236099 0.968696 -0.0767131
UV1: 0.548284 0.992353 
UV2: 0.5 1 
UV3: 0.548284 0.992353
MaterialIndex: -1

VertexIndicies: 44 24 45
Normal: 0.30279 0.174091 -0.937022
Tangent: -0.879641 0.429451 -0.204459
UV1: 0.548284 0.992353 
UV2: 0.5 1 
UV3: 0.5 1
MaterialIndex: -1

VertexIndicies: 24 25 45
Normal: -9.30359e-008 0 -1
Tangent: -0.248249 0.968696 2.39417e-008
UV1: 0.5 1 
UV2: 0.451716 0.992353 
UV3: 0.5 1
MaterialIndex: -1

VertexIndicies: 45 25 46
Normal: -0.00158454 0.17409 -0.984728
Tangent: -0.89977 0.429451 0.0773705
UV1: 0.5 1 
UV2: 0.451716 0.992353 
UV3: 0.451716 0.992353
MaterialIndex: -1

VertexIndicies: 25 26 46
Normal: -0.309017 -1.00461e-009 -0.951056
Tangent: -0.236099 0.968696 0.0767132
UV1: 0.451716 0.992353 
UV2: 0.408159 0.970159 
UV3: 0.451716 0.992353
MaterialIndex: -1

VertexIndicies: 46 26 47
Normal: -0.305806 0.17409 -0.936042
Tangent: -0.831823 0.429451 0.351629
UV1: 0.451716 0.992353 
UV2: 0.408159 0.970159 
UV3: 0.408159 0.970159
MaterialIndex: -1

VertexIndicies: 26 27 47
Normal: -0.587785 -9.64423e-008 -0.809017
Tangent: -0.200838 0.968696 0.145917
UV1: 0.408159 0.970159 
UV2: 0.373591 0.935591 
UV3: 0.408159 0.970159
MaterialIndex: -1

VertexIndicies: 47 27 48
Normal: -0.580091 0.17409 -0.79573
Tangent: -0.682451 0.429452 0.591466
UV1: 0.408159 0.970159 
UV2: 0.373591 0.935591 
UV3: 0.373591 0.935591
MaterialIndex: -1

VertexIndicies: 27 28 48
Normal: -0.809017 -1.92885e-007 -0.587785
Tangent: -0.145917 0.968696 0.200838
UV1: 0.373591 0.935591 
UV2: 0.351397 0.892034 
UV3: 0.373591 0.935591
MaterialIndex: -1

VertexIndicies: 48 28 49
Normal: -0.797594 0.17409 -0.577526
Tangent: -0.466276 0.429451 0.773407
UV1: 0.373591 0.935591 
UV2: 0.351397 0.892034 
UV3: 0.351397 0.892034
MaterialIndex: -1

VertexIndicies: 28 29 49
Normal: -0.951057 -6.42949e-008 -0.309017
Tangent: -0.0767132 0.968696 0.236099
UV1: 0.351397 0.892034 
UV2: 0.34375 0.84375 
UV3: 0.351397 0.892034
MaterialIndex: -1

VertexIndicies: 49 29 50
Normal: -0.937022 0.17409 -0.30279
Tangent: -0.20446 0.429451 0.879641
UV1: 0.351397 0.892034 
UV2: 0.34375 0.84375 
UV3: 0.34375 0.84375
MaterialIndex: -1

VertexIndicies: 29 30 50
Normal: -1 0 -2.51448e-009
Tangent: 0 0.968696 0.248249
UV1: 0.34375 0.84375 
UV2: 0.351397 0.795466 
UV3: 0.34375 0.84375
MaterialIndex: -1

VertexIndicies: 50 30 51
Normal: -0.984728 0.17409 0.001585
Tangent: 0.0773711 0.429451 0.89977
UV1: 0.34375 0.84375 
UV2: 0.351397 0.795466 
UV3: 0.351397 0.795466
MaterialIndex: -1

VertexIndicies: 30 31 51
Normal: -0.951056 0 0.309017
Tangent: 0.0767132 0.968696 0.236099
UV1: 0.351397 0.795466 
UV2: 0.373591 0.751909 
UV3: 0.351397 0.795466
MaterialIndex: -1

VertexIndicies: 51 31 52
Normal: -0.936042 0.17409 0.305806
Tangent: 0.351629 0.429451 0.831823
UV1: 0.351397 0.795466 
UV2: 0.373591 0.751909 
UV3: 0.373591 0.751909
MaterialIndex: -1

VertexIndicies: 31 32 52
Normal: -0.809017 3.21474e-008 0.587785
Tangent: 0.145917 0.968696 0.200838
UV1: 0.373591 0.751909 
UV2: 0.408159 0.717341 
UV3: 0.373591 0.751909
MaterialIndex: -1

VertexIndicies: 52 32 53
Normal: -0.79573 0.17409 0.580092
Tangent: 0.591466 0.429451 0.682451
UV1: 0.373591 0.751909 
UV2: 0.408159 0.717341 
UV3: 0.408159 0.717341
MaterialIndex: -1

VertexIndicies: 32 33 53
Normal: -0.587785 8.03686e-008 0.809017
Tangent: 0.200838 0.968696 0.145917
UV1: 0.408159 0.717341 
UV2: 0.451716 0.695147 
UV3: 0.408159 0.717341
MaterialIndex: -1

VertexIndicies: 53 33 54
Normal: -0.577527 0.174091 0.797594
Tangent: 0.773406 0.429451 0.466277
UV1: 0.408159 0.717341 
UV2: 0.451716 0.695147 
UV3: 0.451716 0.695147
MaterialIndex: -1

VertexIndicies: 33 34 54
Normal: -0.309017 -2.51152e-008 0.951056
Tangent: 0.236099 0.968696 0.0767132
UV1: 0.451716 0.695147 
UV2: 0.5 0.6875 
UV3: 0.451716 0.695147
MaterialIndex: -1

VertexIndicies: 54 34 55
Normal: -0.30279 0.17409 0.937022
Tangent: 0.879641 0.429451 0.20446
UV1: 0.451716 0.695147 
UV2: 0.5 0.6875 
UV3: 0.5 0.6875
MaterialIndex: -1

VertexIndicies: 34 35 55
Normal: 2.26304e-008 -9.04147e-009 1
Tangent: 0.248249 0.968696 2.06465e-009
UV1: 0.5 0.6875 
UV2: 0.548284 0.695147 
UV3: 0.5 0.6875
MaterialIndex: -1

VertexIndicies: 55 35 56
Normal: 0.00158447 0.17409 0.984728
Tangent: 0.89977 0.429451 -0.0773705
UV1: 0.5 0.6875 
UV2: 0.548284 0.695147 
UV3: 0.548284 0.695147
MaterialIndex: -1

VertexIndicies: 35 36 56
Normal: 0.309017 -3.21474e-008 0.951056
Tangent: 0.236099 0.968696 -0.0767132
UV1: 0.548284 0.695147 
UV2: 0.591842 0.717341 
UV3: 0.548284 0.695147
MaterialIndex: -1

VertexIndicies: 56 36 57
Normal: 0.305806 0.17409 0.936042
Tangent: 0.831823 0.429451 -0.351629
UV1: 0.548284 0.695147 
UV2: 0.591842 0.717341 
UV3: 0.591842 0.717341
MaterialIndex: -1

VertexIndicies: 36 37 57
Normal: 0.587785 -3.21474e-008 0.809017
Tangent: 0.200838 0.968696 -0.145917
UV1: 0.591842 0.717341 
UV2: 0.626409 0.751908 
UV3: 0.591842 0.717341
MaterialIndex: -1

VertexIndicies: 57 37 58
Normal: 0.580091 0.17409 0.79573
Tangent: 0.682451 0.429451 -0.591466
UV1: 0.591842 0.717341 
UV2: 0.626409 0.751908 
UV3: 0.626409 0.751908
MaterialIndex: -1

VertexIndicies: 37 38 58
Normal: 0.809017 6.42949e-008 0.587785
Tangent: 0.145917 0.968696 -0.200838
UV1: 0.626409 0.751908 
UV2: 0.648603 0.795466 
UV3: 0.626409 0.751908
MaterialIndex: -1

VertexIndicies: 58 38 59
Normal: 0.797594 0.174091 0.577526
Tangent: 0.466277 0.42945 -0.773407
UV1: 0.626409 0.751908 
UV2: 0.648603 0.795466 
UV3: 0.648603 0.795466
MaterialIndex: -1

VertexIndicies: 38 39 59
Normal: 0.951056 3.21474e-008 0.309017
Tangent: 0.0767132 0.968696 -0.236099
UV1: 0.648603 0.795466 
UV2: 0.65625 0.84375 
UV3: 0.648603 0.795466
MaterialIndex: -1

VertexIndicies: 59 39 60
Normal: 0.937022 0.17409 0.302791
Tangent: 0.20446 0.429451 -0.879641
UV1: 0.648603 0.795466 
UV2: 0.65625 0.84375 
UV3: 0.65625 0.84375
MaterialIndex: -1

VertexIndicies: 39 20 60
Normal: 1 3.91081e-009 9.88192e-007
Tangent: 2.20783e-007 0.968696 -0.248249
UV1: 0.65625 0.84375 
UV2: 0.648603 0.892034 
UV3: 0.65625 0.84375
MaterialIndex: -1

VertexIndicies: 60 20 41
Normal: 0.984728 0.17409 -0.001584
Tangent: -0.0773699 0.429451 -0.89977
UV1: 0.65625 0.84375 
UV2: 0.648603 0.892034 
UV3: 0.648603 0.892034
MaterialIndex: -1

VertexIndicies: 41 42 61
Normal: 0.936043 0.17409 -0.305804
Tangent: -0.351627 0.429452 -0.831823
UV1: 0.648603 0.892034 
UV2: 0.626409 0.935591 
UV3: 0.648603 0.892034
MaterialIndex: 2

VertexIndicies: 61 42 62
Normal: 0.877086 0.342205 -0.33707
Tangent: 0.434668 -0.864091 0.25379
UV1: 0.648603 0.892034 
UV2: 0.626409 0.935591 
UV3: 0.626409 0.935591
MaterialIndex: 2

VertexIndicies: 42 43 62
Normal: 0.79573 0.17409 -0.580091
Tangent: -0.591466 0.429451 -0.682451
UV1: 0.626409 0.935591 
UV2: 0.591841 0.970159 
UV3: 0.626409 0.935591
MaterialIndex: 2

VertexIndicies: 62 43 64
Normal: 0.729997 0.342205 -0.591608
Tangent: 0.49182 -0.864091 0.107048
UV1: 0.626409 0.935591 
UV2: 0.591841 0.970159 
UV3: 0.591841 0.970159
MaterialIndex: 2

VertexIndicies: 43 44 64
Normal: 0.577526 0.174091 -0.797594
Tangent: -0.773407 0.429451 -0.466276
UV1: 0.591841 0.970159 
UV2: 0.548284 0.992353 
UV3: 0.591841 0.970159
MaterialIndex: 2

VertexIndicies: 64 44 65
Normal: 0.511452 0.342205 -0.788234
Tangent: 0.500828 -0.864091 -0.050172
UV1: 0.591841 0.970159 
UV2: 0.548284 0.992353 
UV3: 0.548284 0.992353
MaterialIndex: 2

VertexIndicies: 44 45 65
Normal: 0.30279 0.174091 -0.937022
Tangent: -0.879641 0.429451 -0.204459
UV1: 0.548284 0.992353 
UV2: 0.5 1 
UV3: 0.548284 0.992353
MaterialIndex: 2

VertexIndicies: 65 45 66
Normal: 0.242843 0.342205 -0.907702
Tangent: 0.460812 -0.864092 -0.20248
UV1: 0.548284 0.992353 
UV2: 0.5 1 
UV3: 0.5 1
MaterialIndex: 2

VertexIndicies: 45 46 66
Normal: -0.00158454 0.17409 -0.984728
Tangent: -0.89977 0.429451 0.0773705
UV1: 0.5 1 
UV2: 0.451716 0.992353 
UV3: 0.5 1
MaterialIndex: 2

VertexIndicies: 66 46 67
Normal: -0.0495374 0.342205 -0.938319
Tangent: 0.375689 -0.864092 -0.334968
UV1: 0.5 1 
UV2: 0.451716 0.992353 
UV3: 0.451716 0.992353
MaterialIndex: 2

VertexIndicies: 46 47 67
Normal: -0.305806 0.17409 -0.936042
Tangent: -0.831823 0.429451 0.351629
UV1: 0.451716 0.992353 
UV2: 0.408159 0.970159 
UV3: 0.451716 0.992353
MaterialIndex: 2

VertexIndicies: 67 47 68
Normal: -0.337071 0.342205 -0.877086
Tangent: 0.25379 -0.864091 -0.434669
UV1: 0.451716 0.992353 
UV2: 0.408159 0.970159 
UV3: 0.408159 0.970159
MaterialIndex: 2

VertexIndicies: 47 48 68
Normal: -0.580091 0.17409 -0.79573
Tangent: -0.682451 0.429452 0.591466
UV1: 0.408159 0.970159 
UV2: 0.373591 0.935591 
UV3: 0.408159 0.970159
MaterialIndex: 2

VertexIndicies: 68 48 69
Normal: -0.591607 0.342205 -0.729997
Tangent: 0.107048 -0.864091 -0.49182
UV1: 0.408159 0.970159 
UV2: 0.373591 0.935591 
UV3: 0.373591 0.935591
MaterialIndex: 2

VertexIndicies: 48 49 69
Normal: -0.797594 0.17409 -0.577526
Tangent: -0.466276 0.429451 0.773407
UV1: 0.373591 0.935591 
UV2: 0.351397 0.892034 
UV3: 0.373591 0.935591
MaterialIndex: 2

VertexIndicies: 69 49 70
Normal: -0.788234 0.342205 -0.511452
Tangent: -0.0501716 -0.864092 -0.500828
UV1: 0.373591 0.935591 
UV2: 0.351397 0.892034 
UV3: 0.351397 0.892034
MaterialIndex: 2

VertexIndicies: 49 50 70
Normal: -0.937022 0.17409 -0.30279
Tangent: -0.20446 0.429451 0.879641
UV1: 0.351397 0.892034 
UV2: 0.34375 0.84375 
UV3: 0.351397 0.892034
MaterialIndex: 2

VertexIndicies: 70 50 71
Normal: -0.907702 0.342205 -0.242843
Tangent: -0.20248 -0.864092 -0.460812
UV1: 0.351397 0.892034 
UV2: 0.34375 0.84375 
UV3: 0.34375 0.84375
MaterialIndex: 2

VertexIndicies: 50 51 71
Normal: -0.984728 0.17409 0.001585
Tangent: 0.0773711 0.429451 0.89977
UV1: 0.34375 0.84375 
UV2: 0.351397 0.795466 
UV3: 0.34375 0.84375
MaterialIndex: 2

VertexIndicies: 71 51 72
Normal: -0.938319 0.342205 0.0495382
Tangent: -0.334969 -0.864092 -0.375688
UV1: 0.34375 0.84375 
UV2: 0.351397 0.795466 
UV3: 0.351397 0.795466
MaterialIndex: 2

VertexIndicies: 51 52 72
Normal: -0.936042 0.17409 0.305806
Tangent: 0.351629 0.429451 0.831823
UV1: 0.351397 0.795466 
UV2: 0.373591 0.751909 
UV3: 0.351397 0.795466
MaterialIndex: 2

VertexIndicies: 72 52 73
Normal: -0.877085 0.342205 0.337071
Tangent: -0.434669 -0.864091 -0.25379
UV1: 0.351397 0.795466 
UV2: 0.373591 0.751909 
UV3: 0.373591 0.751909
MaterialIndex: 2

VertexIndicies: 52 53 73
Normal: -0.79573 0.17409 0.580092
Tangent: 0.591466 0.429451 0.682451
UV1: 0.373591 0.751909 
UV2: 0.408159 0.717341 
UV3: 0.373591 0.751909
MaterialIndex: 2

VertexIndicies: 73 53 74
Normal: -0.729997 0.342205 0.591608
Tangent: -0.49182 -0.864091 -0.107048
UV1: 0.373591 0.751909 
UV2: 0.408159 0.717341 
UV3: 0.408159 0.717341
MaterialIndex: 2

VertexIndicies: 53 54 74
Normal: -0.577527 0.174091 0.797594
Tangent: 0.773406 0.429451 0.466277
UV1: 0.408159 0.717341 
UV2: 0.451716 0.695147 
UV3: 0.408159 0.717341
MaterialIndex: 2

VertexIndicies: 74 54 75
Normal: -0.511452 0.342205 0.788234
Tangent: -0.500828 -0.864091 0.0501717
UV1: 0.408159 0.717341 
UV2: 0.451716 0.695147 
UV3: 0.451716 0.695147
MaterialIndex: 2

VertexIndicies: 54 55 75
Normal: -0.30279 0.17409 0.937022
Tangent: 0.879641 0.429451 0.20446
UV1: 0.451716 0.695147 
UV2: 0.5 0.6875 
UV3: 0.451716 0.695147
MaterialIndex: 2

VertexIndicies: 75 55 76
Normal: -0.242843 0.342205 0.907702
Tangent: -0.460812 -0.864092 0.20248
UV1: 0.451716 0.695147 
UV2: 0.5 0.6875 
UV3: 0.5 0.6875
MaterialIndex: 2

VertexIndicies: 55 56 76
Normal: 0.00158447 0.17409 0.984728
Tangent: 0.89977 0.429451 -0.0773705
UV1: 0.5 0.6875 
UV2: 0.548284 0.695147 
UV3: 0.5 0.6875
MaterialIndex: 2

VertexIndicies: 76 56 77
Normal: 0.0495373 0.342205 0.938319
Tangent: -0.375688 -0.864092 0.334969
UV1: 0.5 0.6875 
UV2: 0.548284 0.695147 
UV3: 0.548284 0.695147
MaterialIndex: 2

VertexIndicies: 56 57 77
Normal: 0.305806 0.17409 0.936042
Tangent: 0.831823 0.429451 -0.351629
UV1: 0.548284 0.695147 
UV2: 0.591842 0.717341 
UV3: 0.548284 0.695147
MaterialIndex: 2

VertexIndicies: 77 57 78
Normal: 0.337071 0.342205 0.877086
Tangent: -0.25379 -0.864091 0.434669
UV1: 0.548284 0.695147 
UV2: 0.591842 0.717341 
UV3: 0.591842 0.717341
MaterialIndex: 2

VertexIndicies: 57 58 78
Normal: 0.580091 0.17409 0.79573
Tangent: 0.682451 0.429451 -0.591466
UV1: 0.591842 0.717341 
UV2: 0.626409 0.751908 
UV3: 0.591842 0.717341
MaterialIndex: 2

VertexIndicies: 78 58 79
Normal: 0.591608 0.342205 0.729997
Tangent: -0.107048 -0.864091 0.49182
UV1: 0.591842 0.717341 
UV2: 0.626409 0.751908 
UV3: 0.626409 0.751908
MaterialIndex: 2

VertexIndicies: 58 59 79
Normal: 0.797594 0.174091 0.577526
Tangent: 0.466277 0.42945 -0.773407
UV1: 0.626409 0.751908 
UV2: 0.648603 0.795466 
UV3: 0.626409 0.751908
MaterialIndex: 2

VertexIndicies: 79 59 80
Normal: 0.788233 0.342205 0.511453
Tangent: 0.0501713 -0.864092 0.500828
UV1: 0.626409 0.751908 
UV2: 0.648603 0.795466 
UV3: 0.648603 0.795466
MaterialIndex: 2

VertexIndicies: 59 60 80
Normal: 0.937022 0.17409 0.302791
Tangent: 0.20446 0.429451 -0.879641
UV1: 0.648603 0.795466 
UV2: 0.65625 0.84375 
UV3: 0.648603 0.795466
MaterialIndex: 2

VertexIndicies: 80 60 81
Normal: 0.907702 0.342205 0.242843
Tangent: 0.20248 -0.864092 0.460812
UV1: 0.648603 0.795466 
UV2: 0.65625 0.84375 
UV3: 0.65625 0.84375
MaterialIndex: 2

VertexIndicies: 60 41 81
Normal: 0.984728 0.17409 -0.001584
Tangent: -0.0773699 0.429451 -0.89977
UV1: 0.65625 0.84375 
UV2: 0.648603 0.892034 
UV3: 0.65625 0.84375
MaterialIndex: 2

VertexIndicies: 81 41 61
Normal: 0.938319 0.342205 -0.0495367
Tangent: 0.334968 -0.864092 0.375688
UV1: 0.65625 0.84375 
UV2: 0.648603 0.892034 
UV3: 0.648603 0.892034
MaterialIndex: 2


